180 180 4 6 24 7 1
204 180 0 15 29 7 1
168 200 5 3 1 1 1
192 200 3 1 36 0 2
216 200 4 6 4 7 2
240 200 3 11 19 5 0
264 200 4 11 18 5 2
288 200 1 11 22 10 0
312 200 2 2 13 7 0
336 200 5 4 9 9 0
180 220 1 3 38 5 0
204 220 8 2 12 6 0
228 220 4 2 35 3 0
252 220 2 3 36 3 2
276 220 1 13 3 6 2
300 220 8 4 23 1 0
324 220 6 10 32 0 1
120 240 5 10 8 0 2
168 240 1 9 15 4 1
192 240 8 0 31 4 2
216 240 4 7 11 7 1
240 240 2 1 22 8 2
264 240 1 14 0 7 1
288 240 4 15 5 8 2
312 240 1 12 37 2 1
60 260 3 4 19 6 1
84 260 2 5 15 9 1
108 260 8 4 40 9 0
156 260 6 12 32 6 1
180 260 0 11 37 2 0
204 260 3 7 13 2 2
228 260 3 6 20 10 2
252 260 5 10 27 6 0
276 260 6 9 34 9 1
300 260 6 10 24 9 1
72 280 2 11 25 0 1
96 280 0 15 18 9 0
120 280 5 9 25 6 2
144 280 3 7 29 7 0
168 280 3 6 5 8 0
192 280 0 10 7 3 0
216 280 2 7 16 3 2
240 280 5 15 10 2 0
264 280 1 5 16 5 1
288 280 5 14 25 10 1
312 280 1 12 32 10 1
156 300 1 14 27 7 2
180 300 5 5 28 10 0
204 300 8 8 30 4 1
228 300 4 12 10 6 1
252 300 7 0 0 2 0
276 300 8 7 31 4 0
300 300 1 15 2 9 2
168 320 3 3 20 10 2
192 320 1 3 16 1 2
216 320 2 7 1 0 2
240 320 8 1 22 6 1
180 180 3 13 23 0 1
204 180 2 12 32 3 2
168 200 8 10 3 10 0
192 200 8 11 13 10 0
216 200 1 5 39 8 1
240 200 6 13 2 4 1
264 200 8 9 18 0 1
288 200 2 8 9 9 0
312 200 5 2 32 5 0
336 200 5 6 11 4 1
180 220 3 12 12 0 2
204 220 1 13 22 2 0
228 220 5 13 13 0 2
252 220 8 12 6 0 0
276 220 8 8 12 8 0
300 220 6 3 19 5 0
324 220 4 5 38 3 1
120 240 0 7 32 5 0
168 240 7 12 4 10 1
192 240 2 5 31 5 2
216 240 7 7 6 6 0
240 240 2 15 28 6 1
264 240 0 9 4 6 2
288 240 8 12 0 1 2
312 240 1 8 6 9 1
60 260 7 8 36 6 2
84 260 6 0 8 4 1
108 260 5 9 36 2 2
156 260 5 6 8 9 2
180 260 2 13 38 6 0
204 260 8 1 27 6 1
228 260 8 2 7 8 0
252 260 0 14 5 8 1
276 260 8 10 32 1 1
300 260 2 1 17 4 2
72 280 5 0 40 8 2
96 280 2 15 1 8 1
120 280 5 14 21 4 1
144 280 8 12 23 1 1
168 280 6 8 7 7 0
192 280 4 15 27 5 2
216 280 1 1 2 5 1
240 280 5 12 3 3 1
264 280 1 8 6 4 1
288 280 4 13 14 7 1
312 280 8 1 20 5 1
156 300 4 8 4 2 1
180 300 2 3 18 10 2
204 300 1 7 10 8 0
228 300 6 2 1 3 2
252 300 0 1 26 2 2
276 300 4 0 30 8 2
300 300 6 13 10 1 2
168 320 0 6 31 9 0
192 320 2 9 33 5 2
216 320 2 15 0 5 1
240 320 2 6 29 10 1
180 180 1 10 31 0 1
204 180 1 5 13 10 1
168 200 1 12 29 8 1
192 200 0 1 6 4 1
216 200 1 3 15 0 2
240 200 0 5 3 0 0
264 200 1 8 29 8 2
288 200 0 15 4 0 1
312 200 0 9 26 4 0
336 200 1 2 2 4 0
180 220 1 5 8 9 0
204 220 1 15 3 0 2
228 220 1 2 2 1 0
252 220 1 7 38 8 0
276 220 1 3 8 7 1
300 220 1 11 2 9 2
324 220 1 1 8 1 0
120 240 1 3 8 10 2
168 240 1 8 0 3 2
192 240 1 1 4 4 1
216 240 1 15 1 0 2
240 240 1 14 20 10 2
264 240 1 4 15 7 0
288 240 1 5 37 4 1
312 240 1 10 6 10 2
60 260 1 11 36 1 0
84 260 1 5 32 6 0
108 260 1 5 6 4 0
156 260 1 12 23 8 0
180 260 1 13 20 3 0
204 260 1 7 27 2 0
228 260 0 13 4 7 1
252 260 1 15 29 3 2
276 260 1 13 33 2 1
300 260 1 0 33 9 1
72 280 1 13 29 2 0
96 280 1 15 36 3 1
120 280 1 11 4 7 1
144 280 2 10 30 3 0
168 280 1 7 23 3 2
192 280 1 15 4 8 1
216 280 1 3 13 3 1
240 280 0 2 25 10 0
264 280 1 14 21 1 1
288 280 1 0 23 3 0
312 280 2 3 9 4 1
156 300 2 0 36 5 0
180 300 1 11 16 4 1
204 300 1 15 14 10 0
228 300 1 9 25 0 0
252 300 1 6 33 10 1
276 300 1 2 5 1 1
300 300 1 14 16 4 1
168 320 1 3 12 7 2
192 320 4 14 3 5 2
216 320 3 6 20 2 0
240 320 6 5 10 2 0
180 180 1 10 31 0 1
204 180 1 5 13 10 1
168 200 1 12 29 8 1
192 200 0 1 6 4 1
216 200 1 3 15 0 2
240 200 0 5 3 0 0
264 200 1 8 29 8 2
288 200 0 15 4 0 1
312 200 0 9 26 4 0
336 200 1 2 2 4 0
180 220 1 5 8 9 0
204 220 1 15 3 0 2
228 220 1 2 2 1 0
252 220 1 7 38 8 0
276 220 1 3 8 7 1
300 220 1 11 2 9 2
324 220 1 1 8 1 0
120 240 1 3 8 10 2
168 240 1 8 0 3 2
192 240 1 1 4 4 1
216 240 1 15 1 0 2
240 240 1 14 20 10 2
264 240 1 4 15 7 0
288 240 1 5 37 4 1
312 240 1 10 6 10 2
60 260 1 11 36 1 0
84 260 1 5 32 6 0
108 260 1 5 6 4 0
156 260 1 12 23 8 0
180 260 1 13 20 3 0
204 260 1 7 27 2 0
228 260 0 13 4 7 1
252 260 1 15 29 3 2
276 260 1 13 33 2 1
300 260 1 0 33 9 1
72 280 1 13 29 2 0
96 280 1 15 36 3 1
120 280 1 11 4 7 1
144 280 2 10 30 3 0
168 280 1 7 23 3 2
192 280 1 15 4 8 1
216 280 1 3 13 3 1
240 280 0 2 25 10 0
264 280 1 14 21 1 1
288 280 1 0 23 3 0
312 280 2 3 9 4 1
156 300 2 0 36 5 0
180 300 1 11 16 4 1
204 300 1 15 14 10 0
228 300 1 9 25 0 0
252 300 1 6 33 10 1
276 300 1 2 5 1 1
300 300 1 14 16 4 1
168 320 1 3 12 7 2
192 320 4 14 3 5 2
216 320 3 6 20 2 0
240 320 6 5 10 2 0
180 180 1 10 31 0 1
204 180 1 5 13 10 1
168 200 1 12 29 8 1
192 200 0 1 6 4 1
216 200 1 3 15 0 2
240 200 0 5 3 0 0
264 200 1 8 29 8 2
288 200 0 15 4 0 1
312 200 0 9 26 4 0
336 200 1 2 2 4 0
180 220 1 5 8 9 0
204 220 1 15 3 0 2
228 220 1 2 2 1 0
252 220 1 7 38 8 0
276 220 1 3 8 7 1
300 220 1 11 2 9 2
324 220 1 1 8 1 0
120 240 1 3 8 10 2
168 240 1 8 0 3 2
192 240 1 1 4 4 1
216 240 1 15 1 0 2
240 240 1 14 20 10 2
264 240 1 4 15 7 0
288 240 1 5 37 4 1
312 240 1 10 6 10 2
60 260 1 11 36 1 0
84 260 1 5 32 6 0
108 260 1 5 6 4 0
156 260 1 12 23 8 0
180 260 1 13 20 3 0
204 260 1 7 27 2 0
228 260 0 13 4 7 1
252 260 1 15 29 3 2
276 260 1 13 33 2 1
300 260 1 0 33 9 1
72 280 1 13 29 2 0
96 280 1 15 36 3 1
120 280 1 11 4 7 1
144 280 2 10 30 3 0
168 280 1 7 23 3 2
192 280 1 15 4 8 1
216 280 1 3 13 3 1
240 280 0 2 25 10 0
264 280 1 14 21 1 1
288 280 1 0 23 3 0
312 280 2 3 9 4 1
156 300 2 0 36 5 0
180 300 1 11 16 4 1
204 300 1 15 14 10 0
228 300 1 9 25 0 0
252 300 1 6 33 10 1
276 300 1 2 5 1 1
300 300 1 14 16 4 1
168 320 1 3 12 7 2
192 320 4 14 3 5 2
216 320 3 6 20 2 0
240 320 6 5 10 2 0
180 180 1 10 31 0 1
204 180 1 5 13 10 1
168 200 1 12 29 8 1
192 200 0 1 6 4 1
216 200 1 3 15 0 2
240 200 0 5 3 0 0
264 200 1 8 29 8 2
288 200 0 15 4 0 1
312 200 0 9 26 4 0
336 200 1 2 2 4 0
180 220 1 5 8 9 0
204 220 1 15 3 0 2
228 220 1 2 2 1 0
252 220 1 7 38 8 0
276 220 1 3 8 7 1
300 220 1 11 2 9 2
324 220 1 1 8 1 0
120 240 1 3 8 10 2
168 240 1 8 0 3 2
192 240 1 1 4 4 1
216 240 1 15 1 0 2
240 240 1 14 20 10 2
264 240 1 4 15 7 0
288 240 1 5 37 4 1
312 240 1 10 6 10 2
60 260 1 11 36 1 0
84 260 1 5 32 6 0
108 260 1 5 6 4 0
156 260 1 12 23 8 0
180 260 1 13 20 3 0
204 260 1 7 27 2 0
228 260 0 13 4 7 1
252 260 1 15 29 3 2
276 260 1 13 33 2 1
300 260 1 0 33 9 1
72 280 1 13 29 2 0
96 280 1 15 36 3 1
120 280 1 11 4 7 1
144 280 2 10 30 3 0
168 280 1 7 23 3 2
192 280 1 15 4 8 1
216 280 1 3 13 3 1
240 280 0 2 25 10 0
264 280 1 14 21 1 1
288 280 1 0 23 3 0
312 280 2 3 9 4 1
156 300 2 0 36 5 0
180 300 1 11 16 4 1
204 300 1 15 14 10 0
228 300 1 9 25 0 0
252 300 1 6 33 10 1
276 300 1 2 5 1 1
300 300 1 14 16 4 1
168 320 1 3 12 7 2
192 320 4 14 3 5 2
216 320 3 6 20 2 0
240 320 6 5 10 2 0
180 180 3 9 31 5 2
204 180 8 11 29 7 1
168 200 5 10 35 3 1
192 200 8 7 1 4 1
216 200 7 9 31 10 2
240 200 5 1 35 6 0
264 200 8 6 32 7 1
288 200 6 7 31 5 2
312 200 7 10 17 5 2
336 200 1 8 3 5 1
180 220 4 14 37 9 1
204 220 8 5 5 6 1
228 220 8 5 35 1 2
252 220 0 12 1 1 0
276 220 4 2 13 5 2
300 220 8 0 40 1 0
324 220 6 9 16 7 1
120 240 8 3 31 5 1
168 240 5 4 24 9 2
192 240 7 6 12 3 0
216 240 1 8 8 5 2
240 240 6 13 37 5 2
264 240 2 10 19 8 2
288 240 7 7 16 8 1
312 240 7 6 9 8 1
60 260 3 14 23 2 1
84 260 0 6 1 6 2
108 260 2 10 10 0 1
156 260 4 14 0 4 2
180 260 7 9 27 9 1
204 260 4 3 13 10 1
228 260 5 14 10 2 0
252 260 8 6 29 3 0
276 260 3 0 3 5 2
300 260 8 2 17 4 2
72 280 7 4 25 8 2
96 280 2 6 40 4 1
120 280 6 10 8 1 1
144 280 0 5 29 3 2
168 280 3 12 36 10 0
192 280 8 5 19 8 0
216 280 8 4 31 1 2
240 280 7 11 13 3 1
264 280 7 13 21 1 0
288 280 2 4 24 5 1
312 280 2 11 25 9 2
156 300 7 13 13 6 1
180 300 1 9 35 3 0
204 300 1 13 38 8 2
228 300 7 9 28 3 2
252 300 8 7 12 2 2
276 300 6 0 13 2 0
300 300 1 14 31 7 2
168 320 5 15 32 8 2
192 320 4 10 3 4 2
216 320 3 4 23 5 0
240 320 3 2 7 9 0
180 180 3 9 31 5 2
204 180 8 11 29 7 1
168 200 5 10 35 3 1
192 200 8 7 1 4 1
216 200 7 9 31 10 2
240 200 5 1 35 6 0
264 200 8 6 32 7 1
288 200 6 7 31 5 2
312 200 7 10 17 5 2
336 200 1 8 3 5 1
180 220 4 14 37 9 1
204 220 8 5 5 6 1
228 220 8 5 35 1 2
252 220 0 12 1 1 0
276 220 4 2 13 5 2
300 220 8 0 40 1 0
324 220 6 9 16 7 1
120 240 8 3 31 5 1
168 240 5 4 24 9 2
192 240 7 6 12 3 0
216 240 1 8 8 5 2
240 240 6 13 37 5 2
264 240 2 10 19 8 2
288 240 7 7 16 8 1
312 240 7 6 9 8 1
60 260 3 14 23 2 1
84 260 0 6 1 6 2
108 260 2 10 10 0 1
156 260 4 14 0 4 2
180 260 7 9 27 9 1
204 260 4 3 13 10 1
228 260 5 14 10 2 0
252 260 8 6 29 3 0
276 260 3 0 3 5 2
300 260 8 2 17 4 2
72 280 7 4 25 8 2
96 280 2 6 40 4 1
120 280 6 10 8 1 1
144 280 0 5 29 3 2
168 280 3 12 36 10 0
192 280 8 5 19 8 0
216 280 8 4 31 1 2
240 280 7 11 13 3 1
264 280 7 13 21 1 0
288 280 2 4 24 5 1
312 280 2 11 25 9 2
156 300 7 13 13 6 1
180 300 1 9 35 3 0
204 300 1 13 38 8 2
228 300 7 9 28 3 2
252 300 8 7 12 2 2
276 300 6 0 13 2 0
300 300 1 14 31 7 2
168 320 5 15 32 8 2
192 320 4 10 3 4 2
216 320 3 4 23 5 0
240 320 3 2 7 9 0
180 180 3 9 31 5 2
204 180 8 11 29 7 1
168 200 5 10 35 3 1
192 200 8 7 1 4 1
216 200 7 9 31 10 2
240 200 5 1 35 6 0
264 200 8 6 32 7 1
288 200 6 7 31 5 2
312 200 7 10 17 5 2
336 200 1 8 3 5 1
180 220 4 14 37 9 1
204 220 8 5 5 6 1
228 220 8 5 35 1 2
252 220 0 12 1 1 0
276 220 4 2 13 5 2
300 220 8 0 40 1 0
324 220 6 9 16 7 1
120 240 8 3 31 5 1
168 240 5 4 24 9 2
192 240 7 6 12 3 0
216 240 1 8 8 5 2
240 240 6 13 37 5 2
264 240 2 10 19 8 2
288 240 7 7 16 8 1
312 240 7 6 9 8 1
60 260 3 14 23 2 1
84 260 0 6 1 6 2
108 260 2 10 10 0 1
156 260 4 14 0 4 2
180 260 7 9 27 9 1
204 260 4 3 13 10 1
228 260 5 14 10 2 0
252 260 8 6 29 3 0
276 260 3 0 3 5 2
300 260 8 2 17 4 2
72 280 7 4 25 8 2
96 280 2 6 40 4 1
120 280 6 10 8 1 1
144 280 0 5 29 3 2
168 280 3 12 36 10 0
192 280 8 5 19 8 0
216 280 8 4 31 1 2
240 280 7 11 13 3 1
264 280 7 13 21 1 0
288 280 2 4 24 5 1
312 280 2 11 25 9 2
156 300 7 13 13 6 1
180 300 1 9 35 3 0
204 300 1 13 38 8 2
228 300 7 9 28 3 2
252 300 8 7 12 2 2
276 300 6 0 13 2 0
300 300 1 14 31 7 2
168 320 5 15 32 8 2
192 320 4 10 3 4 2
216 320 3 4 23 5 0
240 320 3 2 7 9 0
180 180 3 9 31 5 2
204 180 8 11 29 7 1
168 200 5 10 35 3 1
192 200 8 7 1 4 1
216 200 7 9 31 10 2
240 200 5 1 35 6 0
264 200 8 6 32 7 1
288 200 6 7 31 5 2
312 200 7 10 17 5 2
336 200 1 8 3 5 1
180 220 4 14 37 9 1
204 220 8 5 5 6 1
228 220 8 5 35 1 2
252 220 0 12 1 1 0
276 220 4 2 13 5 2
300 220 8 0 40 1 0
324 220 6 9 16 7 1
120 240 8 3 31 5 1
168 240 5 4 24 9 2
192 240 7 6 12 3 0
216 240 1 8 8 5 2
240 240 6 13 37 5 2
264 240 2 10 19 8 2
288 240 7 7 16 8 1
312 240 7 6 9 8 1
60 260 3 14 23 2 1
84 260 0 6 1 6 2
108 260 2 10 10 0 1
156 260 4 14 0 4 2
180 260 7 9 27 9 1
204 260 4 3 13 10 1
228 260 5 14 10 2 0
252 260 8 6 29 3 0
276 260 3 0 3 5 2
300 260 8 2 17 4 2
72 280 7 4 25 8 2
96 280 2 6 40 4 1
120 280 6 10 8 1 1
144 280 0 5 29 3 2
168 280 3 12 36 10 0
192 280 8 5 19 8 0
216 280 8 4 31 1 2
240 280 7 11 13 3 1
264 280 7 13 21 1 0
288 280 2 4 24 5 1
312 280 2 11 25 9 2
156 300 7 13 13 6 1
180 300 1 9 35 3 0
204 300 1 13 38 8 2
228 300 7 9 28 3 2
252 300 8 7 12 2 2
276 300 6 0 13 2 0
300 300 1 14 31 7 2
168 320 5 15 32 8 2
192 320 4 10 3 4 2
216 320 3 4 23 5 0
240 320 3 2 7 9 0
180 180 5 0 6 7 0
204 180 4 12 27 8 0
168 200 1 4 14 1 1
192 200 3 1 21 3 2
216 200 1 13 37 5 2
240 200 4 4 22 2 1
264 200 4 3 37 7 0
288 200 7 9 27 2 1
312 200 0 6 13 4 2
336 200 6 14 31 7 1
180 220 7 15 22 1 2
204 220 4 14 38 8 0
228 220 0 2 8 4 2
252 220 4 0 14 5 2
276 220 1 3 19 7 1
300 220 0 15 15 4 0
324 220 6 10 11 8 1
120 240 7 7 9 2 0
168 240 4 9 26 5 2
192 240 4 7 18 10 1
216 240 5 5 29 7 2
240 240 4 5 16 4 2
264 240 1 10 5 8 0
288 240 5 12 37 2 1
312 240 5 7 24 9 1
60 260 8 11 14 6 1
84 260 3 6 18 5 2
108 260 1 12 11 6 2
156 260 0 10 24 7 1
180 260 3 9 14 6 0
204 260 2 5 11 3 1
228 260 8 4 36 0 0
252 260 2 12 24 8 1
276 260 1 5 33 7 2
300 260 4 15 29 2 0
72 280 4 3 35 8 0
96 280 3 11 4 8 0
120 280 8 8 23 2 2
144 280 8 8 1 0 2
168 280 6 15 14 2 0
192 280 8 14 25 4 1
216 280 0 15 22 7 0
240 280 3 15 9 7 0
264 280 7 7 23 5 1
288 280 6 5 39 10 2
312 280 0 1 24 2 2
156 300 6 8 1 6 0
180 300 7 10 20 7 0
204 300 3 2 2 7 2
228 300 4 13 2 8 0
252 300 1 8 25 3 2
276 300 4 5 39 10 1
300 300 0 9 18 9 1
168 320 5 6 7 9 0
192 320 2 1 13 8 0
216 320 2 2 38 0 1
240 320 7 6 3 10 2
180 180 1 1 12 4 1
204 180 1 14 22 1 0
168 200 1 0 39 5 1
192 200 1 13 12 6 1
216 200 1 14 38 5 1
240 200 1 0 22 4 1
264 200 1 14 27 0 1
288 200 1 8 8 9 1
312 200 1 6 21 2 1
336 200 1 9 28 9 0
180 220 1 12 33 8 1
204 220 1 11 2 9 1
228 220 1 5 10 1 1
252 220 1 8 30 7 1
276 220 1 4 22 3 1
300 220 1 11 4 4 1
324 220 1 8 2 5 0
120 240 1 5 35 1 0
168 240 1 4 28 9 0
192 240 1 0 12 5 1
216 240 1 8 14 9 0
240 240 1 14 9 7 1
264 240 1 0 33 3 1
288 240 1 7 4 7 1
312 240 1 7 9 9 1
60 260 1 3 3 6 0
84 260 1 7 5 5 0
108 260 1 12 15 3 1
156 260 8 11 29 1 1
180 260 7 15 22 10 1
204 260 6 3 22 0 1
228 260 5 7 9 0 2
252 260 4 10 8 2 1
276 260 5 7 27 1 1
300 260 5 4 24 7 1
72 280 7 6 12 2 1
96 280 5 5 25 9 1
120 280 4 7 2 7 1
144 280 7 15 25 9 1
168 280 4 11 9 0 1
192 280 6 8 21 3 1
216 280 0 10 2 0 2
240 280 8 4 24 1 0
264 280 5 7 14 10 0
288 280 3 1 27 8 0
312 280 4 10 22 7 2
156 300 2 14 35 0 0
180 300 1 6 19 5 1
204 300 4 15 0 7 0
228 300 8 8 16 0 2
252 300 4 14 32 3 2
276 300 4 12 19 4 2
300 300 8 13 25 7 1
168 320 2 13 11 5 2
192 320 6 10 7 7 2
216 320 0 15 19 2 1
240 320 3 15 30 2 0
180 180 1 1 11 2 0
204 180 0 2 29 5 1
168 200 1 6 13 10 2
192 200 1 13 40 3 0
216 200 1 11 24 6 1
240 200 1 4 28 8 0
264 200 1 2 17 10 2
288 200 1 14 40 8 1
312 200 1 10 21 1 2
336 200 1 2 16 10 1
180 220 1 11 29 7 0
204 220 2 7 27 7 2
228 220 1 3 6 3 0
252 220 1 0 29 5 1
276 220 1 14 2 0 0
300 220 1 4 8 3 1
324 220 0 11 26 8 2
120 240 0 2 21 6 1
168 240 1 5 15 3 1
192 240 1 6 32 0 1
216 240 1 6 8 5 2
240 240 1 5 16 10 0
264 240 1 7 39 3 2
288 240 1 13 34 3 0
312 240 2 0 36 0 2
60 260 1 13 9 7 2
84 260 2 0 13 10 2
108 260 1 8 21 10 1
156 260 1 11 39 1 2
180 260 1 0 34 5 0
204 260 1 3 27 1 0
228 260 1 12 32 9 2
252 260 0 10 13 10 0
276 260 1 1 38 4 0
300 260 1 15 28 6 0
72 280 2 2 40 9 1
96 280 1 13 26 2 0
120 280 1 15 1 0 2
144 280 1 15 32 1 1
168 280 1 5 38 4 0
192 280 1 14 22 7 0
216 280 1 15 28 6 0
240 280 1 6 20 5 1
264 280 1 10 32 4 0
288 280 1 10 34 9 0
312 280 7 8 22 10 0
156 300 6 9 36 8 0
180 300 7 0 24 10 1
204 300 2 3 14 3 0
228 300 3 15 24 4 0
252 300 4 14 27 2 1
276 300 3 10 19 4 0
300 300 6 4 14 7 1
168 320 5 2 7 8 0
192 320 2 5 8 8 1
216 320 1 11 34 9 0
240 320 0 6 16 4 2
180 180 4 6 24 7 1
204 180 0 15 29 7 1
168 200 5 3 1 1 1
192 200 3 1 36 0 2
216 200 4 6 4 7 2
240 200 3 11 19 5 0
264 200 4 11 18 5 2
288 200 1 11 22 10 0
312 200 2 2 13 7 0
336 200 5 4 9 9 0
180 220 1 3 38 5 0
204 220 8 2 12 6 0
228 220 4 2 35 3 0
252 220 2 3 36 3 2
276 220 1 13 3 6 2
300 220 8 4 23 1 0
324 220 6 10 32 0 1
120 240 5 10 8 0 2
168 240 1 9 15 4 1
192 240 8 0 31 4 2
216 240 4 7 11 7 1
240 240 2 1 22 8 2
264 240 1 14 0 7 1
288 240 4 15 5 8 2
312 240 1 12 37 2 1
60 260 3 4 19 6 1
84 260 2 5 15 9 1
108 260 8 4 40 9 0
156 260 6 12 32 6 1
180 260 0 11 37 2 0
204 260 3 7 13 2 2
228 260 3 6 20 10 2
252 260 5 10 27 6 0
276 260 6 9 34 9 1
300 260 6 10 24 9 1
72 280 2 11 25 0 1
96 280 0 15 18 9 0
120 280 5 9 25 6 2
144 280 3 7 29 7 0
168 280 3 6 5 8 0
192 280 0 10 7 3 0
216 280 2 7 16 3 2
240 280 5 15 10 2 0
264 280 1 5 16 5 1
288 280 5 14 25 10 1
312 280 1 12 32 10 1
156 300 1 14 27 7 2
180 300 5 5 28 10 0
204 300 8 8 30 4 1
228 300 4 12 10 6 1
252 300 7 0 0 2 0
276 300 8 7 31 4 0
300 300 1 15 2 9 2
168 320 3 3 20 10 2
192 320 1 3 16 1 2
216 320 2 7 1 0 2
240 320 8 1 22 6 1
180 180 0 1 6 2 2
204 180 5 3 38 5 2
168 200 7 9 33 10 2
192 200 4 13 38 7 0
216 200 2 12 9 2 1
240 200 4 3 0 10 0
264 200 1 9 32 2 2
288 200 3 4 21 6 0
312 200 5 3 24 8 1
336 200 8 14 25 9 0
180 220 7 9 38 9 0
204 220 2 6 9 4 2
228 220 0 6 18 1 1
252 220 3 1 34 2 2
276 220 7 10 15 4 1
300 220 2 12 18 8 0
324 220 1 2 14 8 0
120 240 4 11 10 7 2
168 240 4 11 5 10 2
192 240 6 10 27 3 0
216 240 4 0 4 9 0
240 240 3 12 28 5 2
264 240 1 1 8 9 0
288 240 3 12 30 7 1
312 240 0 1 7 10 2
60 260 3 0 26 6 0
84 260 3 11 30 3 1
108 260 2 15 3 9 2
156 260 1 9 22 5 0
180 260 0 12 28 7 2
204 260 4 7 32 9 1
228 260 1 12 39 0 0
252 260 8 10 15 9 1
276 260 4 8 33 8 2
300 260 8 14 0 3 1
72 280 5 10 10 5 1
96 280 5 4 29 5 0
120 280 1 14 39 9 2
144 280 7 6 2 10 0
168 280 4 5 15 7 1
192 280 1 11 36 7 2
216 280 5 2 26 6 1
240 280 0 9 17 4 0
264 280 2 9 27 7 0
288 280 3 9 3 4 0
312 280 1 2 19 7 1
156 300 5 1 25 0 1
180 300 0 4 23 5 1
204 300 0 6 40 9 0
228 300 3 1 33 5 1
252 300 0 6 24 8 1
276 300 6 12 24 9 0
300 300 3 4 2 6 2
168 320 1 15 2 1 1
192 320 3 11 18 5 2
216 320 8 12 31 1 1
240 320 0 14 32 0 0
180 180 4 6 24 7 1
204 180 0 15 29 7 1
168 200 5 3 1 1 1
192 200 3 1 36 0 2
216 200 4 6 4 7 2
240 200 3 11 19 5 0
264 200 4 11 18 5 2
288 200 1 11 22 10 0
312 200 2 2 13 7 0
336 200 5 4 9 9 0
180 220 1 3 38 5 0
204 220 8 2 12 6 0
228 220 4 2 35 3 0
252 220 2 3 36 3 2
276 220 1 13 3 6 2
300 220 8 4 23 1 0
324 220 6 10 32 0 1
120 240 5 10 8 0 2
168 240 1 9 15 4 1
192 240 8 0 31 4 2
216 240 4 7 11 7 1
240 240 2 1 22 8 2
264 240 1 14 0 7 1
288 240 4 15 5 8 2
312 240 1 12 37 2 1
60 260 3 4 19 6 1
84 260 2 5 15 9 1
108 260 8 4 40 9 0
156 260 6 12 32 6 1
180 260 0 11 37 2 0
204 260 3 7 13 2 2
228 260 3 6 20 10 2
252 260 5 10 27 6 0
276 260 6 9 34 9 1
300 260 6 10 24 9 1
72 280 2 11 25 0 1
96 280 0 15 18 9 0
120 280 5 9 25 6 2
144 280 3 7 29 7 0
168 280 3 6 5 8 0
192 280 0 10 7 3 0
216 280 2 7 16 3 2
240 280 5 15 10 2 0
264 280 1 5 16 5 1
288 280 5 14 25 10 1
312 280 1 12 32 10 1
156 300 1 14 27 7 2
180 300 5 5 28 10 0
204 300 8 8 30 4 1
228 300 4 12 10 6 1
252 300 7 0 0 2 0
276 300 8 7 31 4 0
300 300 1 15 2 9 2
168 320 3 3 20 10 2
192 320 1 3 16 1 2
216 320 2 7 1 0 2
240 320 8 1 22 6 1
180 180 4 1 8 6 0
204 180 5 11 35 9 2
168 200 1 1 19 8 2
192 200 7 14 17 6 0
216 200 4 1 5 8 2
240 200 5 14 19 7 1
264 200 4 8 19 5 1
288 200 1 9 22 10 1
312 200 5 11 25 2 0
336 200 3 9 35 2 0
180 220 0 15 1 5 1
204 220 2 1 17 3 2
228 220 3 12 38 3 2
252 220 7 13 25 2 0
276 220 0 8 34 7 2
300 220 7 6 27 4 2
324 220 8 13 38 8 2
120 240 1 5 35 7 1
168 240 5 15 18 9 0
192 240 7 8 37 7 0
216 240 8 15 8 6 0
240 240 1 3 36 3 1
264 240 2 8 8 2 0
288 240 5 1 13 1 1
312 240 3 10 16 4 1
60 260 1 10 37 8 2
84 260 8 10 20 5 2
108 260 2 4 12 3 0
156 260 5 8 15 5 2
180 260 7 14 16 2 0
204 260 3 10 7 5 1
228 260 8 10 32 7 2
252 260 8 15 3 5 2
276 260 2 10 19 9 2
300 260 7 11 25 9 2
72 280 3 11 19 2 1
96 280 4 14 1 9 2
120 280 0 0 30 8 0
144 280 1 3 34 2 1
168 280 4 10 7 8 2
192 280 5 9 1 5 0
216 280 8 6 23 7 1
240 280 2 0 17 3 2
264 280 8 5 40 1 0
288 280 5 7 37 3 2
312 280 4 15 23 8 0
156 300 0 13 20 2 2
180 300 7 11 11 7 0
204 300 2 11 0 6 0
228 300 1 9 30 2 2
252 300 6 15 32 10 0
276 300 8 15 4 1 2
300 300 2 1 8 8 2
168 320 4 6 28 5 1
192 320 7 4 36 0 2
216 320 3 12 9 9 0
240 320 0 11 40 9 1
180 180 7 12 31 3 2
204 180 0 13 4 1 1
168 200 1 10 16 2 2
192 200 6 12 9 7 2
216 200 0 1 34 4 2
240 200 0 10 26 7 2
264 200 4 0 29 2 1
288 200 6 4 36 2 1
312 200 3 1 15 1 2
336 200 1 6 10 2 0
180 220 4 10 7 10 2
204 220 7 12 15 9 0
228 220 2 2 27 2 2
252 220 6 4 19 0 1
276 220 6 14 19 1 2
300 220 2 4 21 10 2
324 220 5 11 3 10 0
120 240 6 10 11 10 0
168 240 6 10 29 5 0
192 240 8 10 25 10 0
216 240 1 1 0 1 0
240 240 3 12 20 1 2
264 240 6 0 5 5 2
288 240 7 12 14 6 0
312 240 3 2 10 8 0
60 260 3 12 37 6 1
84 260 2 5 17 10 1
108 260 5 2 7 3 2
156 260 6 5 7 7 1
180 260 0 0 10 6 0
204 260 8 6 14 0 1
228 260 2 5 22 3 0
252 260 2 2 8 1 0
276 260 2 3 7 4 0
300 260 7 12 2 0 0
72 280 7 3 10 0 2
96 280 0 14 35 0 1
120 280 1 0 7 0 2
144 280 3 2 12 6 0
168 280 8 7 22 3 0
192 280 0 10 20 0 0
216 280 4 11 20 3 0
240 280 6 5 18 1 2
264 280 2 4 17 7 2
288 280 3 13 9 6 2
312 280 1 2 29 0 0
156 300 5 12 33 1 2
180 300 7 2 25 0 0
204 300 2 0 4 1 2
228 300 8 3 5 6 0
252 300 7 8 23 10 1
276 300 2 12 18 4 1
300 300 6 8 29 5 2
168 320 5 15 9 1 2
192 320 8 13 8 0 0
216 320 8 8 28 3 2
240 320 1 9 1 8 2
180 180 2 15 15 2 1
204 180 0 2 17 6 1
168 200 6 7 6 6 1
192 200 7 9 1 4 0
216 200 7 5 29 1 2
240 200 5 6 7 0 0
264 200 4 15 34 6 0
288 200 4 3 36 7 2
312 200 5 5 6 5 2
336 200 4 4 28 0 0
180 220 1 6 13 3 1
204 220 1 14 3 8 0
228 220 1 4 22 2 0
252 220 2 8 2 9 1
276 220 8 1 35 4 1
300 220 5 13 34 2 0
324 220 2 2 31 1 2
120 240 0 2 20 4 2
168 240 0 13 24 0 1
192 240 8 9 19 0 0
216 240 0 4 6 4 2
240 240 5 12 20 9 1
264 240 4 13 18 4 2
288 240 6 12 30 9 2
312 240 8 4 5 9 0
60 260 6 7 6 8 2
84 260 6 5 20 1 1
108 260 8 15 9 3 1
156 260 4 12 30 3 0
180 260 0 10 11 6 0
204 260 3 6 0 8 2
228 260 4 6 17 3 0
252 260 2 15 31 4 0
276 260 4 14 16 10 0
300 260 1 10 40 5 2
72 280 1 10 20 6 0
96 280 8 10 1 5 1
120 280 6 4 0 6 2
144 280 0 1 16 2 0
168 280 7 8 30 4 1
192 280 1 11 26 6 1
216 280 2 8 6 10 2
240 280 7 12 15 1 1
264 280 2 9 5 4 1
288 280 2 0 19 4 0
312 280 0 10 2 1 0
156 300 2 9 4 6 0
180 300 7 2 27 6 1
204 300 2 3 24 0 2
228 300 2 11 22 8 0
252 300 3 15 29 2 2
276 300 8 13 40 3 0
300 300 2 3 12 0 2
168 320 7 5 12 0 1
192 320 0 12 23 9 1
216 320 5 7 13 5 1
240 320 5 5 38 1 1
180 180 7 12 31 3 2
204 180 0 13 4 1 1
168 200 1 10 16 2 2
192 200 6 12 9 7 2
216 200 0 1 34 4 2
240 200 0 10 26 7 2
264 200 4 0 29 2 1
288 200 6 4 36 2 1
312 200 3 1 15 1 2
336 200 1 6 10 2 0
180 220 4 10 7 10 2
204 220 7 12 15 9 0
228 220 2 2 27 2 2
252 220 6 4 19 0 1
276 220 6 14 19 1 2
300 220 2 4 21 10 2
324 220 5 11 3 10 0
120 240 6 10 11 10 0
168 240 6 10 29 5 0
192 240 8 10 25 10 0
216 240 1 1 0 1 0
240 240 3 12 20 1 2
264 240 6 0 5 5 2
288 240 7 12 14 6 0
312 240 3 2 10 8 0
60 260 3 12 37 6 1
84 260 2 5 17 10 1
108 260 5 2 7 3 2
156 260 6 5 7 7 1
180 260 0 0 10 6 0
204 260 8 6 14 0 1
228 260 2 5 22 3 0
252 260 2 2 8 1 0
276 260 2 3 7 4 0
300 260 7 12 2 0 0
72 280 7 3 10 0 2
96 280 0 14 35 0 1
120 280 1 0 7 0 2
144 280 3 2 12 6 0
168 280 8 7 22 3 0
192 280 0 10 20 0 0
216 280 4 11 20 3 0
240 280 6 5 18 1 2
264 280 2 4 17 7 2
288 280 3 13 9 6 2
312 280 1 2 29 0 0
156 300 5 12 33 1 2
180 300 7 2 25 0 0
204 300 2 0 4 1 2
228 300 8 3 5 6 0
252 300 7 8 23 10 1
276 300 2 12 18 4 1
300 300 6 8 29 5 2
168 320 5 15 9 1 2
192 320 8 13 8 0 0
216 320 8 8 28 3 2
240 320 1 9 1 8 2
180 180 7 12 31 3 2
204 180 0 13 4 1 1
168 200 1 10 16 2 2
192 200 6 12 9 7 2
216 200 0 1 34 4 2
240 200 0 10 26 7 2
264 200 4 0 29 2 1
288 200 6 4 36 2 1
312 200 3 1 15 1 2
336 200 1 6 10 2 0
180 220 4 10 7 10 2
204 220 7 12 15 9 0
228 220 2 2 27 2 2
252 220 6 4 19 0 1
276 220 6 14 19 1 2
300 220 2 4 21 10 2
324 220 5 11 3 10 0
120 240 6 10 11 10 0
168 240 6 10 29 5 0
192 240 8 10 25 10 0
216 240 1 1 0 1 0
240 240 3 12 20 1 2
264 240 6 0 5 5 2
288 240 7 12 14 6 0
312 240 3 2 10 8 0
60 260 3 12 37 6 1
84 260 2 5 17 10 1
108 260 5 2 7 3 2
156 260 6 5 7 7 1
180 260 0 0 10 6 0
204 260 8 6 14 0 1
228 260 2 5 22 3 0
252 260 2 2 8 1 0
276 260 2 3 7 4 0
300 260 7 12 2 0 0
72 280 7 3 10 0 2
96 280 0 14 35 0 1
120 280 1 0 7 0 2
144 280 3 2 12 6 0
168 280 8 7 22 3 0
192 280 0 10 20 0 0
216 280 4 11 20 3 0
240 280 6 5 18 1 2
264 280 2 4 17 7 2
288 280 3 13 9 6 2
312 280 1 2 29 0 0
156 300 5 12 33 1 2
180 300 7 2 25 0 0
204 300 2 0 4 1 2
228 300 8 3 5 6 0
252 300 7 8 23 10 1
276 300 2 12 18 4 1
300 300 6 8 29 5 2
168 320 5 15 9 1 2
192 320 8 13 8 0 0
216 320 8 8 28 3 2
240 320 1 9 1 8 2
180 180 7 12 31 3 2
204 180 0 13 4 1 1
168 200 1 10 16 2 2
192 200 6 12 9 7 2
216 200 0 1 34 4 2
240 200 0 10 26 7 2
264 200 4 0 29 2 1
288 200 6 4 36 2 1
312 200 3 1 15 1 2
336 200 1 6 10 2 0
180 220 4 10 7 10 2
204 220 7 12 15 9 0
228 220 2 2 27 2 2
252 220 6 4 19 0 1
276 220 6 14 19 1 2
300 220 2 4 21 10 2
324 220 5 11 3 10 0
120 240 6 10 11 10 0
168 240 6 10 29 5 0
192 240 8 10 25 10 0
216 240 1 1 0 1 0
240 240 3 12 20 1 2
264 240 6 0 5 5 2
288 240 7 12 14 6 0
312 240 3 2 10 8 0
60 260 3 12 37 6 1
84 260 2 5 17 10 1
108 260 5 2 7 3 2
156 260 6 5 7 7 1
180 260 0 0 10 6 0
204 260 8 6 14 0 1
228 260 2 5 22 3 0
252 260 2 2 8 1 0
276 260 2 3 7 4 0
300 260 7 12 2 0 0
72 280 7 3 10 0 2
96 280 0 14 35 0 1
120 280 1 0 7 0 2
144 280 3 2 12 6 0
168 280 8 7 22 3 0
192 280 0 10 20 0 0
216 280 4 11 20 3 0
240 280 6 5 18 1 2
264 280 2 4 17 7 2
288 280 3 13 9 6 2
312 280 1 2 29 0 0
156 300 5 12 33 1 2
180 300 7 2 25 0 0
204 300 2 0 4 1 2
228 300 8 3 5 6 0
252 300 7 8 23 10 1
276 300 2 12 18 4 1
300 300 6 8 29 5 2
168 320 5 15 9 1 2
192 320 8 13 8 0 0
216 320 8 8 28 3 2
240 320 1 9 1 8 2
180 180 7 12 31 3 2
204 180 0 13 4 1 1
168 200 1 10 16 2 2
192 200 6 12 9 7 2
216 200 0 1 34 4 2
240 200 0 10 26 7 2
264 200 4 0 29 2 1
288 200 6 4 36 2 1
312 200 3 1 15 1 2
336 200 1 6 10 2 0
180 220 4 10 7 10 2
204 220 7 12 15 9 0
228 220 2 2 27 2 2
252 220 6 4 19 0 1
276 220 6 14 19 1 2
300 220 2 4 21 10 2
324 220 5 11 3 10 0
120 240 6 10 11 10 0
168 240 6 10 29 5 0
192 240 8 10 25 10 0
216 240 1 1 0 1 0
240 240 3 12 20 1 2
264 240 6 0 5 5 2
288 240 7 12 14 6 0
312 240 3 2 10 8 0
60 260 3 12 37 6 1
84 260 2 5 17 10 1
108 260 5 2 7 3 2
156 260 6 5 7 7 1
180 260 0 0 10 6 0
204 260 8 6 14 0 1
228 260 2 5 22 3 0
252 260 2 2 8 1 0
276 260 2 3 7 4 0
300 260 7 12 2 0 0
72 280 7 3 10 0 2
96 280 0 14 35 0 1
120 280 1 0 7 0 2
144 280 3 2 12 6 0
168 280 8 7 22 3 0
192 280 0 10 20 0 0
216 280 4 11 20 3 0
240 280 6 5 18 1 2
264 280 2 4 17 7 2
288 280 3 13 9 6 2
312 280 1 2 29 0 0
156 300 5 12 33 1 2
180 300 7 2 25 0 0
204 300 2 0 4 1 2
228 300 8 3 5 6 0
252 300 7 8 23 10 1
276 300 2 12 18 4 1
300 300 6 8 29 5 2
168 320 5 15 9 1 2
192 320 8 13 8 0 0
216 320 8 8 28 3 2
240 320 1 9 1 8 2
180 180 6 6 39 5 1
204 180 1 6 24 0 2
168 200 3 3 29 3 0
192 200 5 7 27 9 1
216 200 5 12 4 8 0
240 200 8 14 14 8 2
264 200 8 4 14 7 2
288 200 4 5 40 5 1
312 200 8 13 6 3 0
336 200 8 12 26 7 1
180 220 1 14 39 8 0
204 220 2 4 8 4 2
228 220 4 3 4 6 0
252 220 0 1 36 3 1
276 220 5 10 16 7 0
300 220 8 3 27 3 1
324 220 2 14 36 10 0
120 240 8 11 3 6 1
168 240 1 13 23 5 0
192 240 8 9 24 10 1
216 240 5 14 34 5 1
240 240 3 1 18 4 1
264 240 8 1 9 7 2
288 240 0 9 40 10 1
312 240 1 15 37 5 2
60 260 5 1 3 3 1
84 260 4 4 26 6 2
108 260 4 5 17 8 1
156 260 4 6 17 3 0
180 260 8 8 4 6 0
204 260 0 15 3 8 2
228 260 0 2 36 10 1
252 260 5 11 36 1 1
276 260 6 1 25 4 0
300 260 3 10 1 5 0
72 280 7 12 20 5 0
96 280 5 8 10 1 2
120 280 8 1 10 10 0
144 280 2 14 35 2 1
168 280 1 10 5 10 0
192 280 6 2 19 4 2
216 280 5 1 29 2 2
240 280 5 11 18 6 2
264 280 2 5 12 2 0
288 280 1 5 14 8 0
312 280 2 13 14 6 2
156 300 7 12 11 6 2
180 300 1 4 5 9 1
204 300 2 5 35 7 2
228 300 6 12 15 8 1
252 300 0 8 14 2 1
276 300 6 10 6 10 0
300 300 8 2 34 4 0
168 320 2 0 29 2 0
192 320 3 10 0 7 0
216 320 2 3 29 4 1
240 320 5 12 10 7 2
180 180 5 15 8 9 1
204 180 5 3 34 10 0
168 200 0 13 36 5 0
192 200 2 8 14 4 1
216 200 3 2 33 9 0
240 200 1 15 13 7 0
264 200 7 3 33 9 2
288 200 8 1 37 7 1
312 200 0 14 8 4 0
336 200 6 6 18 7 2
180 220 7 15 29 4 0
204 220 3 3 0 4 1
228 220 4 1 2 3 1
252 220 2 5 18 10 2
276 220 6 0 15 9 0
300 220 0 4 39 2 2
324 220 8 14 40 5 2
120 240 8 11 2 5 1
168 240 5 9 17 0 0
192 240 6 4 2 6 0
216 240 3 11 26 1 0
240 240 0 8 32 7 2
264 240 6 11 17 9 0
288 240 1 7 39 8 2
312 240 0 11 21 1 0
60 260 0 4 36 2 2
84 260 7 5 0 3 1
108 260 6 1 29 4 0
156 260 3 7 36 0 1
180 260 7 12 38 8 2
204 260 7 11 12 6 1
228 260 1 2 16 9 1
252 260 6 1 32 0 0
276 260 3 2 20 4 1
300 260 0 4 31 7 0
72 280 2 2 13 5 1
96 280 2 12 14 5 2
120 280 7 6 14 0 1
144 280 3 7 2 10 1
168 280 1 15 29 4 2
192 280 7 5 14 3 0
216 280 4 0 39 6 2
240 280 5 8 17 7 2
264 280 0 5 1 1 2
288 280 3 6 22 7 2
312 280 4 0 13 1 1
156 300 3 15 25 3 1
180 300 7 13 36 7 2
204 300 1 12 4 9 1
228 300 1 7 22 9 2
252 300 8 9 29 2 1
276 300 2 9 30 10 1
300 300 5 6 7 7 1
168 320 4 7 40 7 1
192 320 2 2 31 4 0
216 320 5 14 20 3 1
240 320 4 0 4 9 2
180 180 0 9 18 1 1
204 180 4 2 4 5 2
168 200 0 4 31 0 1
192 200 0 0 35 9 0
216 200 3 14 19 10 0
240 200 4 7 35 5 1
264 200 3 11 6 4 0
288 200 2 0 11 0 1
312 200 5 9 35 10 2
336 200 8 2 36 8 0
180 220 6 14 36 3 2
204 220 7 13 30 8 0
228 220 6 11 39 4 2
252 220 0 6 37 9 1
276 220 7 13 24 8 1
300 220 2 14 5 5 1
324 220 6 15 22 10 2
120 240 5 14 13 5 2
168 240 3 5 10 1 1
192 240 8 8 33 8 0
216 240 1 7 15 2 0
240 240 1 14 4 6 2
264 240 5 3 38 10 0
288 240 8 1 36 3 1
312 240 5 7 10 7 0
60 260 3 12 19 0 0
84 260 4 10 13 5 0
108 260 5 3 23 3 2
156 260 7 0 19 6 2
180 260 4 15 33 5 2
204 260 0 1 39 5 0
228 260 4 4 24 7 2
252 260 1 0 35 9 1
276 260 3 8 17 6 2
300 260 3 1 32 6 0
72 280 0 2 6 8 0
96 280 2 9 30 2 0
120 280 4 15 6 4 1
144 280 0 13 29 2 2
168 280 5 3 5 4 0
192 280 5 15 14 10 0
216 280 3 1 18 4 2
240 280 1 3 9 1 0
264 280 0 13 39 7 2
288 280 6 7 29 3 1
312 280 0 8 38 2 1
156 300 5 3 36 6 2
180 300 5 2 16 8 2
204 300 3 12 40 8 0
228 300 6 11 8 7 0
252 300 7 13 13 0 0
276 300 2 0 29 6 2
300 300 8 3 8 5 0
168 320 1 6 3 6 0
192 320 5 0 16 7 0
216 320 1 8 23 9 1
240 320 1 2 22 3 2
180 180 2 15 15 2 1
204 180 0 2 17 6 1
168 200 6 7 6 6 1
192 200 7 9 1 4 0
216 200 7 5 29 1 2
240 200 5 6 7 0 0
264 200 4 15 34 6 0
288 200 4 3 36 7 2
312 200 5 5 6 5 2
336 200 4 4 28 0 0
180 220 1 6 13 3 1
204 220 1 14 3 8 0
228 220 1 4 22 2 0
252 220 2 8 2 9 1
276 220 8 1 35 4 1
300 220 5 13 34 2 0
324 220 2 2 31 1 2
120 240 0 2 20 4 2
168 240 0 13 24 0 1
192 240 8 9 19 0 0
216 240 0 4 6 4 2
240 240 5 12 20 9 1
264 240 4 13 18 4 2
288 240 6 12 30 9 2
312 240 8 4 5 9 0
60 260 6 7 6 8 2
84 260 6 5 20 1 1
108 260 8 15 9 3 1
156 260 4 12 30 3 0
180 260 0 10 11 6 0
204 260 3 6 0 8 2
228 260 4 6 17 3 0
252 260 2 15 31 4 0
276 260 4 14 16 10 0
300 260 1 10 40 5 2
72 280 1 10 20 6 0
96 280 8 10 1 5 1
120 280 6 4 0 6 2
144 280 0 1 16 2 0
168 280 7 8 30 4 1
192 280 1 11 26 6 1
216 280 2 8 6 10 2
240 280 7 12 15 1 1
264 280 2 9 5 4 1
288 280 2 0 19 4 0
312 280 0 10 2 1 0
156 300 2 9 4 6 0
180 300 7 2 27 6 1
204 300 2 3 24 0 2
228 300 2 11 22 8 0
252 300 3 15 29 2 2
276 300 8 13 40 3 0
300 300 2 3 12 0 2
168 320 7 5 12 0 1
192 320 0 12 23 9 1
216 320 5 7 13 5 1
240 320 5 5 38 1 1
180 180 2 15 15 2 1
204 180 0 2 17 6 1
168 200 6 7 6 6 1
192 200 7 9 1 4 0
216 200 7 5 29 1 2
240 200 5 6 7 0 0
264 200 4 15 34 6 0
288 200 4 3 36 7 2
312 200 5 5 6 5 2
336 200 4 4 28 0 0
180 220 1 6 13 3 1
204 220 1 14 3 8 0
228 220 1 4 22 2 0
252 220 2 8 2 9 1
276 220 8 1 35 4 1
300 220 5 13 34 2 0
324 220 2 2 31 1 2
120 240 0 2 20 4 2
168 240 0 13 24 0 1
192 240 8 9 19 0 0
216 240 0 4 6 4 2
240 240 5 12 20 9 1
264 240 4 13 18 4 2
288 240 6 12 30 9 2
312 240 8 4 5 9 0
60 260 6 7 6 8 2
84 260 6 5 20 1 1
108 260 8 15 9 3 1
156 260 4 12 30 3 0
180 260 0 10 11 6 0
204 260 3 6 0 8 2
228 260 4 6 17 3 0
252 260 2 15 31 4 0
276 260 4 14 16 10 0
300 260 1 10 40 5 2
72 280 1 10 20 6 0
96 280 8 10 1 5 1
120 280 6 4 0 6 2
144 280 0 1 16 2 0
168 280 7 8 30 4 1
192 280 1 11 26 6 1
216 280 2 8 6 10 2
240 280 7 12 15 1 1
264 280 2 9 5 4 1
288 280 2 0 19 4 0
312 280 0 10 2 1 0
156 300 2 9 4 6 0
180 300 7 2 27 6 1
204 300 2 3 24 0 2
228 300 2 11 22 8 0
252 300 3 15 29 2 2
276 300 8 13 40 3 0
300 300 2 3 12 0 2
168 320 7 5 12 0 1
192 320 0 12 23 9 1
216 320 5 7 13 5 1
240 320 5 5 38 1 1
180 180 8 7 15 8 2
204 180 7 7 21 10 2
168 200 2 11 39 10 0
192 200 5 11 35 1 0
216 200 7 8 13 1 1
240 200 0 7 17 3 1
264 200 2 6 3 6 2
288 200 3 3 0 5 2
312 200 0 4 37 5 1
336 200 8 1 5 9 1
180 220 8 15 13 1 1
204 220 3 15 17 4 0
228 220 8 3 10 6 1
252 220 3 2 14 7 2
276 220 0 0 5 6 1
300 220 6 13 29 4 1
324 220 5 0 21 7 1
120 240 5 6 3 3 1
168 240 4 0 9 10 0
192 240 0 13 28 1 2
216 240 1 4 13 10 0
240 240 1 3 24 1 1
264 240 1 4 39 10 2
288 240 3 2 4 3 0
312 240 7 0 17 5 0
60 260 7 7 7 0 1
84 260 4 4 3 5 2
108 260 7 10 18 2 2
156 260 5 10 11 2 1
180 260 3 0 4 3 2
204 260 6 15 22 6 2
228 260 1 11 26 7 1
252 260 1 11 30 6 0
276 260 7 11 39 7 1
300 260 3 3 24 6 1
72 280 1 1 2 5 1
96 280 7 8 3 8 0
120 280 8 0 36 3 0
144 280 7 7 29 1 1
168 280 3 7 30 4 0
192 280 0 14 27 3 2
216 280 7 12 38 0 1
240 280 8 12 19 7 0
264 280 4 2 36 0 1
288 280 2 3 5 6 0
312 280 6 15 24 5 2
156 300 1 3 8 4 1
180 300 8 4 19 0 0
204 300 8 10 8 5 1
228 300 8 7 18 1 1
252 300 6 15 7 6 0
276 300 3 0 21 9 2
300 300 5 6 34 5 1
168 320 4 12 35 3 1
192 320 4 13 15 0 1
216 320 0 9 20 1 1
240 320 5 2 17 5 2
180 180 8 7 15 8 2
204 180 7 7 21 10 2
168 200 2 11 39 10 0
192 200 5 11 35 1 0
216 200 7 8 13 1 1
240 200 0 7 17 3 1
264 200 2 6 3 6 2
288 200 3 3 0 5 2
312 200 0 4 37 5 1
336 200 8 1 5 9 1
180 220 8 15 13 1 1
204 220 3 15 17 4 0
228 220 8 3 10 6 1
252 220 3 2 14 7 2
276 220 0 0 5 6 1
300 220 6 13 29 4 1
324 220 5 0 21 7 1
120 240 5 6 3 3 1
168 240 4 0 9 10 0
192 240 0 13 28 1 2
216 240 1 4 13 10 0
240 240 1 3 24 1 1
264 240 1 4 39 10 2
288 240 3 2 4 3 0
312 240 7 0 17 5 0
60 260 7 7 7 0 1
84 260 4 4 3 5 2
108 260 7 10 18 2 2
156 260 5 10 11 2 1
180 260 3 0 4 3 2
204 260 6 15 22 6 2
228 260 1 11 26 7 1
252 260 1 11 30 6 0
276 260 7 11 39 7 1
300 260 3 3 24 6 1
72 280 1 1 2 5 1
96 280 7 8 3 8 0
120 280 8 0 36 3 0
144 280 7 7 29 1 1
168 280 3 7 30 4 0
192 280 0 14 27 3 2
216 280 7 12 38 0 1
240 280 8 12 19 7 0
264 280 4 2 36 0 1
288 280 2 3 5 6 0
312 280 6 15 24 5 2
156 300 1 3 8 4 1
180 300 8 4 19 0 0
204 300 8 10 8 5 1
228 300 8 7 18 1 1
252 300 6 15 7 6 0
276 300 3 0 21 9 2
300 300 5 6 34 5 1
168 320 4 12 35 3 1
192 320 4 13 15 0 1
216 320 0 9 20 1 1
240 320 5 2 17 5 2
180 180 7 2 12 7 1
204 180 8 9 38 4 0
168 200 7 15 39 0 0
192 200 3 14 15 6 0
216 200 5 6 10 3 0
240 200 8 13 33 10 1
264 200 5 5 31 10 0
288 200 5 9 25 8 1
312 200 8 6 19 1 0
336 200 1 11 8 10 1
180 220 6 13 17 3 0
204 220 2 9 6 5 0
228 220 5 5 0 4 1
252 220 7 3 27 5 1
276 220 5 0 10 2 0
300 220 3 9 23 6 2
324 220 7 13 14 5 1
120 240 5 3 5 5 0
168 240 6 2 12 4 0
192 240 4 11 19 3 0
216 240 3 4 26 1 0
240 240 5 6 23 3 1
264 240 8 9 8 5 2
288 240 4 3 18 7 1
312 240 4 15 23 6 1
60 260 7 0 23 1 0
84 260 3 14 12 10 1
108 260 6 3 4 7 1
156 260 3 4 26 2 2
180 260 7 8 24 2 1
204 260 5 8 1 10 1
228 260 7 7 22 4 2
252 260 5 6 9 4 0
276 260 5 7 11 8 0
300 260 5 6 29 8 1
72 280 5 2 22 4 2
96 280 1 12 14 1 0
120 280 1 1 8 4 0
144 280 1 13 11 4 1
168 280 1 8 22 5 1
192 280 5 2 17 1 1
216 280 5 1 7 6 1
240 280 5 2 8 2 1
264 280 5 14 29 1 1
288 280 5 3 11 0 1
312 280 5 10 21 8 0
156 300 5 9 20 10 1
180 300 5 15 22 10 0
204 300 5 6 17 4 1
228 300 5 12 21 5 1
252 300 5 14 11 1 1
276 300 5 0 14 10 1
300 300 5 9 4 9 0
168 320 5 4 2 9 0
192 320 5 4 23 1 1
216 320 5 7 26 10 1
240 320 5 11 2 8 0
180 180 7 2 12 7 1
204 180 8 9 38 4 0
168 200 7 15 39 0 0
192 200 3 14 15 6 0
216 200 5 6 10 3 0
240 200 8 13 33 10 1
264 200 5 5 31 10 0
288 200 5 9 25 8 1
312 200 8 6 19 1 0
336 200 1 11 8 10 1
180 220 6 13 17 3 0
204 220 2 9 6 5 0
228 220 5 5 0 4 1
252 220 7 3 27 5 1
276 220 5 0 10 2 0
300 220 3 9 23 6 2
324 220 7 13 14 5 1
120 240 5 3 5 5 0
168 240 6 2 12 4 0
192 240 4 11 19 3 0
216 240 3 4 26 1 0
240 240 5 6 23 3 1
264 240 8 9 8 5 2
288 240 4 3 18 7 1
312 240 4 15 23 6 1
60 260 7 0 23 1 0
84 260 3 14 12 10 1
108 260 6 3 4 7 1
156 260 3 4 26 2 2
180 260 7 8 24 2 1
204 260 5 8 1 10 1
228 260 7 7 22 4 2
252 260 5 6 9 4 0
276 260 5 7 11 8 0
300 260 5 6 29 8 1
72 280 5 2 22 4 2
96 280 1 12 14 1 0
120 280 1 1 8 4 0
144 280 1 13 11 4 1
168 280 1 8 22 5 1
192 280 5 2 17 1 1
216 280 5 1 7 6 1
240 280 5 2 8 2 1
264 280 5 14 29 1 1
288 280 5 3 11 0 1
312 280 5 10 21 8 0
156 300 5 9 20 10 1
180 300 5 15 22 10 0
204 300 5 6 17 4 1
228 300 5 12 21 5 1
252 300 5 14 11 1 1
276 300 5 0 14 10 1
300 300 5 9 4 9 0
168 320 5 4 2 9 0
192 320 5 4 23 1 1
216 320 5 7 26 10 1
240 320 5 11 2 8 0
180 180 8 7 15 8 2
204 180 7 7 21 10 2
168 200 2 11 39 10 0
192 200 5 11 35 1 0
216 200 7 8 13 1 1
240 200 0 7 17 3 1
264 200 2 6 3 6 2
288 200 3 3 0 5 2
312 200 0 4 37 5 1
336 200 8 1 5 9 1
180 220 8 15 13 1 1
204 220 3 15 17 4 0
228 220 8 3 10 6 1
252 220 3 2 14 7 2
276 220 0 0 5 6 1
300 220 6 13 29 4 1
324 220 5 0 21 7 1
120 240 5 6 3 3 1
168 240 4 0 9 10 0
192 240 0 13 28 1 2
216 240 1 4 13 10 0
240 240 1 3 24 1 1
264 240 1 4 39 10 2
288 240 3 2 4 3 0
312 240 7 0 17 5 0
60 260 7 7 7 0 1
84 260 4 4 3 5 2
108 260 7 10 18 2 2
156 260 5 10 11 2 1
180 260 3 0 4 3 2
204 260 6 15 22 6 2
228 260 1 11 26 7 1
252 260 1 11 30 6 0
276 260 7 11 39 7 1
300 260 3 3 24 6 1
72 280 1 1 2 5 1
96 280 7 8 3 8 0
120 280 8 0 36 3 0
144 280 7 7 29 1 1
168 280 3 7 30 4 0
192 280 0 14 27 3 2
216 280 7 12 38 0 1
240 280 8 12 19 7 0
264 280 4 2 36 0 1
288 280 2 3 5 6 0
312 280 6 15 24 5 2
156 300 1 3 8 4 1
180 300 8 4 19 0 0
204 300 8 10 8 5 1
228 300 8 7 18 1 1
252 300 6 15 7 6 0
276 300 3 0 21 9 2
300 300 5 6 34 5 1
168 320 4 12 35 3 1
192 320 4 13 15 0 1
216 320 0 9 20 1 1
240 320 5 2 17 5 2
180 180 8 7 15 8 2
204 180 7 7 21 10 2
168 200 2 11 39 10 0
192 200 5 11 35 1 0
216 200 7 8 13 1 1
240 200 0 7 17 3 1
264 200 2 6 3 6 2
288 200 3 3 0 5 2
312 200 0 4 37 5 1
336 200 8 1 5 9 1
180 220 8 15 13 1 1
204 220 3 15 17 4 0
228 220 8 3 10 6 1
252 220 3 2 14 7 2
276 220 0 0 5 6 1
300 220 6 13 29 4 1
324 220 5 0 21 7 1
120 240 5 6 3 3 1
168 240 4 0 9 10 0
192 240 0 13 28 1 2
216 240 1 4 13 10 0
240 240 1 3 24 1 1
264 240 1 4 39 10 2
288 240 3 2 4 3 0
312 240 7 0 17 5 0
60 260 7 7 7 0 1
84 260 4 4 3 5 2
108 260 7 10 18 2 2
156 260 5 10 11 2 1
180 260 3 0 4 3 2
204 260 6 15 22 6 2
228 260 1 11 26 7 1
252 260 1 11 30 6 0
276 260 7 11 39 7 1
300 260 3 3 24 6 1
72 280 1 1 2 5 1
96 280 7 8 3 8 0
120 280 8 0 36 3 0
144 280 7 7 29 1 1
168 280 3 7 30 4 0
192 280 0 14 27 3 2
216 280 7 12 38 0 1
240 280 8 12 19 7 0
264 280 4 2 36 0 1
288 280 2 3 5 6 0
312 280 6 15 24 5 2
156 300 1 3 8 4 1
180 300 8 4 19 0 0
204 300 8 10 8 5 1
228 300 8 7 18 1 1
252 300 6 15 7 6 0
276 300 3 0 21 9 2
300 300 5 6 34 5 1
168 320 4 12 35 3 1
192 320 4 13 15 0 1
216 320 0 9 20 1 1
240 320 5 2 17 5 2
180 180 7 2 12 7 1
204 180 8 9 38 4 0
168 200 7 15 39 0 0
192 200 3 14 15 6 0
216 200 5 6 10 3 0
240 200 8 13 33 10 1
264 200 5 5 31 10 0
288 200 5 9 25 8 1
312 200 8 6 19 1 0
336 200 1 11 8 10 1
180 220 6 13 17 3 0
204 220 2 9 6 5 0
228 220 5 5 0 4 1
252 220 7 3 27 5 1
276 220 5 0 10 2 0
300 220 3 9 23 6 2
324 220 7 13 14 5 1
120 240 5 3 5 5 0
168 240 6 2 12 4 0
192 240 4 11 19 3 0
216 240 3 4 26 1 0
240 240 5 6 23 3 1
264 240 8 9 8 5 2
288 240 4 3 18 7 1
312 240 4 15 23 6 1
60 260 7 0 23 1 0
84 260 3 14 12 10 1
108 260 6 3 4 7 1
156 260 3 4 26 2 2
180 260 7 8 24 2 1
204 260 5 8 1 10 1
228 260 7 7 22 4 2
252 260 5 6 9 4 0
276 260 5 7 11 8 0
300 260 5 6 29 8 1
72 280 5 2 22 4 2
96 280 1 12 14 1 0
120 280 1 1 8 4 0
144 280 1 13 11 4 1
168 280 1 8 22 5 1
192 280 5 2 17 1 1
216 280 5 1 7 6 1
240 280 5 2 8 2 1
264 280 5 14 29 1 1
288 280 5 3 11 0 1
312 280 5 10 21 8 0
156 300 5 9 20 10 1
180 300 5 15 22 10 0
204 300 5 6 17 4 1
228 300 5 12 21 5 1
252 300 5 14 11 1 1
276 300 5 0 14 10 1
300 300 5 9 4 9 0
168 320 5 4 2 9 0
192 320 5 4 23 1 1
216 320 5 7 26 10 1
240 320 5 11 2 8 0
