480 240 1 6 24 7 1
468 260 0 15 29 7 1
492 260 1 3 1 1 1
516 260 1 1 36 0 2
456 280 1 6 4 7 2
480 280 1 11 19 5 0
444 300 1 11 18 5 2
468 300 1 11 22 10 0
492 300 2 2 13 7 0
516 300 1 4 9 9 0
432 320 1 3 38 5 0
456 320 1 2 12 6 0
480 320 1 2 35 3 0
504 320 2 3 36 3 2
528 320 1 13 3 6 2
444 340 1 4 23 1 0
468 340 1 10 32 0 1
492 340 1 10 8 0 2
516 340 1 9 15 4 1
540 340 8 0 31 4 2
564 340 4 7 11 7 1
504 360 2 1 22 8 2
528 360 1 14 0 7 1
552 360 4 15 5 8 2
576 360 1 12 37 2 1
600 360 3 4 19 6 1
588 380 2 5 15 9 1
612 380 8 4 40 9 0
480 240 1 6 24 7 1
468 260 0 15 29 7 1
492 260 1 3 1 1 1
516 260 1 1 36 0 2
456 280 1 6 4 7 2
480 280 1 11 19 5 0
444 300 1 11 18 5 2
468 300 1 11 22 10 0
492 300 2 2 13 7 0
516 300 1 4 9 9 0
432 320 1 3 38 5 0
456 320 1 2 12 6 0
480 320 1 2 35 3 0
504 320 2 3 36 3 2
528 320 1 13 3 6 2
444 340 1 4 23 1 0
468 340 1 10 32 0 1
492 340 1 10 8 0 2
516 340 1 9 15 4 1
540 340 8 0 31 4 2
564 340 4 7 11 7 1
504 360 2 1 22 8 2
528 360 1 14 0 7 1
552 360 4 15 5 8 2
576 360 1 12 37 2 1
600 360 3 4 19 6 1
588 380 2 5 15 9 1
612 380 8 4 40 9 0
480 240 1 6 24 7 1
468 260 0 15 29 7 1
492 260 1 3 1 1 1
516 260 1 1 36 0 2
456 280 1 6 4 7 2
480 280 1 11 19 5 0
444 300 1 11 18 5 2
468 300 1 11 22 10 0
492 300 2 2 13 7 0
516 300 1 4 9 9 0
432 320 1 3 38 5 0
456 320 1 2 12 6 0
480 320 1 2 35 3 0
504 320 2 3 36 3 2
528 320 1 13 3 6 2
444 340 1 4 23 1 0
468 340 1 10 32 0 1
492 340 1 10 8 0 2
516 340 1 9 15 4 1
540 340 8 0 31 4 2
564 340 4 7 11 7 1
504 360 2 1 22 8 2
528 360 1 14 0 7 1
552 360 4 15 5 8 2
576 360 1 12 37 2 1
600 360 3 4 19 6 1
588 380 2 5 15 9 1
612 380 8 4 40 9 0
480 240 5 9 36 2 2
468 260 5 6 8 9 2
492 260 2 13 38 6 0
516 260 8 1 27 6 1
456 280 8 2 7 8 0
480 280 0 14 5 8 1
444 300 8 10 32 1 1
468 300 2 1 17 4 2
492 300 5 0 40 8 2
516 300 2 15 1 8 1
432 320 5 14 21 4 1
456 320 8 12 23 1 1
480 320 6 8 7 7 0
504 320 4 15 27 5 2
528 320 1 1 2 5 1
444 340 5 12 3 3 1
468 340 1 8 6 4 1
492 340 4 13 14 7 1
516 340 8 1 20 5 1
540 340 4 8 4 2 1
564 340 2 3 18 10 2
504 360 1 7 10 8 0
528 360 6 2 1 3 2
552 360 0 1 26 2 2
576 360 4 0 30 8 2
600 360 6 13 10 1 2
588 380 0 6 31 9 0
612 380 2 9 33 5 2
480 240 5 9 36 2 2
468 260 5 6 8 9 2
492 260 2 13 38 6 0
516 260 8 1 27 6 1
456 280 8 2 7 8 0
480 280 0 14 5 8 1
444 300 8 10 32 1 1
468 300 2 1 17 4 2
492 300 5 0 40 8 2
516 300 2 15 1 8 1
432 320 5 14 21 4 1
456 320 8 12 23 1 1
480 320 6 8 7 7 0
504 320 4 15 27 5 2
528 320 1 1 2 5 1
444 340 5 12 3 3 1
468 340 1 8 6 4 1
492 340 4 13 14 7 1
516 340 8 1 20 5 1
540 340 4 8 4 2 1
564 340 2 3 18 10 2
504 360 1 7 10 8 0
528 360 6 2 1 3 2
552 360 0 1 26 2 2
576 360 4 0 30 8 2
600 360 6 13 10 1 2
588 380 0 6 31 9 0
612 380 2 9 33 5 2
480 240 5 9 36 2 2
468 260 5 6 8 9 2
492 260 2 13 38 6 0
516 260 8 1 27 6 1
456 280 8 2 7 8 0
480 280 0 14 5 8 1
444 300 8 10 32 1 1
468 300 2 1 17 4 2
492 300 5 0 40 8 2
516 300 2 15 1 8 1
432 320 5 14 21 4 1
456 320 8 12 23 1 1
480 320 6 8 7 7 0
504 320 4 15 27 5 2
528 320 1 1 2 5 1
444 340 5 12 3 3 1
468 340 1 8 6 4 1
492 340 4 13 14 7 1
516 340 8 1 20 5 1
540 340 4 8 4 2 1
564 340 2 3 18 10 2
504 360 1 7 10 8 0
528 360 6 2 1 3 2
552 360 0 1 26 2 2
576 360 4 0 30 8 2
600 360 6 13 10 1 2
588 380 0 6 31 9 0
612 380 2 9 33 5 2
480 240 4 14 3 5 2
468 260 3 6 20 2 0
492 260 6 5 10 2 0
516 260 8 1 23 10 0
456 280 5 14 22 5 1
480 280 1 8 33 9 1
444 300 5 9 19 4 1
468 300 6 14 36 4 1
492 300 8 15 39 10 2
516 300 6 5 33 1 2
432 320 8 12 9 6 2
456 320 6 0 17 5 2
480 320 1 14 38 7 1
504 320 4 1 29 3 1
528 320 2 7 10 3 0
444 340 1 11 15 7 1
468 340 5 1 29 10 2
492 340 7 15 20 10 0
516 340 2 5 11 2 1
540 340 4 13 0 0 2
564 340 5 14 15 3 1
504 360 5 3 3 2 2
528 360 8 2 14 8 0
552 360 2 6 33 2 2
576 360 2 7 19 10 2
600 360 5 10 39 5 0
588 380 6 3 23 10 1
612 380 6 7 15 10 2
480 240 5 9 36 2 2
468 260 5 6 8 9 2
492 260 2 13 38 6 0
516 260 8 1 27 6 1
456 280 8 2 7 8 0
480 280 0 14 5 8 1
444 300 8 10 32 1 1
468 300 2 1 17 4 2
492 300 5 0 40 8 2
516 300 2 15 1 8 1
432 320 5 14 21 4 1
456 320 8 12 23 1 1
480 320 6 8 7 7 0
504 320 4 15 27 5 2
528 320 1 1 2 5 1
444 340 5 12 3 3 1
468 340 1 8 6 4 1
492 340 4 13 14 7 1
516 340 8 1 20 5 1
540 340 4 8 4 2 1
564 340 2 3 18 10 2
504 360 1 7 10 8 0
528 360 6 2 1 3 2
552 360 0 1 26 2 2
576 360 4 0 30 8 2
600 360 6 13 10 1 2
588 380 0 6 31 9 0
612 380 2 9 33 5 2
480 240 5 9 36 2 2
468 260 5 6 8 9 2
492 260 2 13 38 6 0
516 260 8 1 27 6 1
456 280 8 2 7 8 0
480 280 0 14 5 8 1
444 300 8 10 32 1 1
468 300 2 1 17 4 2
492 300 5 0 40 8 2
516 300 2 15 1 8 1
432 320 5 14 21 4 1
456 320 8 12 23 1 1
480 320 6 8 7 7 0
504 320 4 15 27 5 2
528 320 1 1 2 5 1
444 340 5 12 3 3 1
468 340 1 8 6 4 1
492 340 4 13 14 7 1
516 340 8 1 20 5 1
540 340 4 8 4 2 1
564 340 2 3 18 10 2
504 360 1 7 10 8 0
528 360 6 2 1 3 2
552 360 0 1 26 2 2
576 360 4 0 30 8 2
600 360 6 13 10 1 2
588 380 0 6 31 9 0
612 380 2 9 33 5 2
480 240 6 3 18 2 2
468 260 0 1 10 0 1
492 260 6 13 9 3 0
516 260 0 5 39 0 1
456 280 8 4 10 5 1
480 280 6 15 19 9 0
444 300 0 12 20 10 2
468 300 1 7 6 10 0
492 300 2 0 26 5 1
516 300 0 0 10 0 1
432 320 1 0 24 2 0
456 320 8 3 5 9 0
480 320 4 11 32 5 1
504 320 3 14 36 3 2
528 320 3 13 33 2 0
444 340 8 4 25 4 2
468 340 6 13 17 7 0
492 340 8 0 40 0 2
516 340 3 9 5 0 0
540 340 7 7 24 6 2
564 340 1 10 31 8 0
504 360 5 9 23 3 2
528 360 1 1 31 4 2
552 360 3 11 32 8 0
576 360 1 15 1 9 0
600 360 0 1 16 6 1
588 380 6 13 37 6 1
612 380 3 8 23 8 1
480 240 5 9 36 2 2
468 260 5 6 8 9 2
492 260 2 13 38 6 0
516 260 8 1 27 6 1
456 280 8 2 7 8 0
480 280 0 14 5 8 1
444 300 8 10 32 1 1
468 300 2 1 17 4 2
492 300 5 0 40 8 2
516 300 2 15 1 8 1
432 320 5 14 21 4 1
456 320 8 12 23 1 1
480 320 6 8 7 7 0
504 320 4 15 27 5 2
528 320 1 1 2 5 1
444 340 5 12 3 3 1
468 340 1 8 6 4 1
492 340 4 13 14 7 1
516 340 8 1 20 5 1
540 340 4 8 4 2 1
564 340 2 3 18 10 2
504 360 1 7 10 8 0
528 360 6 2 1 3 2
552 360 0 1 26 2 2
576 360 4 0 30 8 2
600 360 6 13 10 1 2
588 380 0 6 31 9 0
612 380 2 9 33 5 2
480 240 5 9 36 2 2
468 260 5 6 8 9 2
492 260 2 13 38 6 0
516 260 8 1 27 6 1
456 280 8 2 7 8 0
480 280 0 14 5 8 1
444 300 8 10 32 1 1
468 300 2 1 17 4 2
492 300 5 0 40 8 2
516 300 2 15 1 8 1
432 320 5 14 21 4 1
456 320 8 12 23 1 1
480 320 6 8 7 7 0
504 320 4 15 27 5 2
528 320 1 1 2 5 1
444 340 5 12 3 3 1
468 340 1 8 6 4 1
492 340 4 13 14 7 1
516 340 8 1 20 5 1
540 340 4 8 4 2 1
564 340 2 3 18 10 2
504 360 1 7 10 8 0
528 360 6 2 1 3 2
552 360 0 1 26 2 2
576 360 4 0 30 8 2
600 360 6 13 10 1 2
588 380 0 6 31 9 0
612 380 2 9 33 5 2
480 240 1 1 15 6 1
468 260 2 0 21 1 2
492 260 1 13 17 6 1
516 260 4 12 6 2 1
456 280 0 6 9 6 1
480 280 1 15 21 3 2
444 300 3 9 31 5 2
468 300 8 11 29 7 1
492 300 5 10 35 3 1
516 300 8 7 1 4 1
432 320 7 9 31 10 2
456 320 5 1 35 6 0
480 320 8 6 32 7 1
504 320 6 7 31 5 2
528 320 7 10 17 5 2
444 340 1 8 3 5 1
468 340 4 14 37 9 1
492 340 8 5 5 6 1
516 340 8 5 35 1 2
540 340 0 12 1 1 0
564 340 4 2 13 5 2
504 360 8 0 40 1 0
528 360 6 9 16 7 1
552 360 8 3 31 5 1
576 360 5 4 24 9 2
600 360 7 6 12 3 0
588 380 1 8 8 5 2
612 380 6 13 37 5 2
480 240 5 10 19 8 2
468 260 7 7 16 8 1
492 260 7 6 9 8 1
516 260 5 14 23 2 1
456 280 5 6 1 6 1
480 280 5 10 10 0 1
444 300 4 14 0 4 1
468 300 7 9 27 9 1
492 300 4 3 13 10 1
516 300 5 14 10 2 0
432 320 8 6 29 3 0
456 320 3 0 3 5 1
480 320 8 2 17 4 1
504 320 7 4 25 8 1
528 320 5 6 40 4 1
444 340 6 10 8 1 1
468 340 5 5 29 3 1
492 340 3 12 12 10 0
516 340 8 5 19 8 0
540 340 8 4 23 1 2
564 340 7 11 13 3 1
504 360 7 13 21 1 0
528 360 5 4 24 5 1
552 360 5 11 25 9 2
576 360 7 13 13 6 1
600 360 5 9 35 3 0
588 380 5 13 38 8 1
612 380 7 9 28 3 2
480 240 8 7 12 2 2
468 260 6 0 13 2 0
492 260 1 14 31 7 2
516 260 5 15 32 8 2
456 280 4 10 3 4 2
480 280 3 4 23 5 0
444 300 3 2 7 9 0
468 300 7 2 19 2 0
492 300 7 1 16 2 1
516 300 2 14 26 8 0
432 320 6 1 14 6 1
456 320 2 9 17 0 0
480 320 2 2 24 8 1
504 320 7 14 7 9 0
528 320 0 8 10 5 2
444 340 2 6 1 7 2
468 340 2 7 21 7 0
492 340 7 9 14 4 2
516 340 5 11 38 5 1
540 340 6 4 24 9 2
564 340 2 12 2 0 1
504 360 2 15 5 0 2
528 360 1 10 39 9 1
552 360 6 0 27 6 2
576 360 1 11 25 0 2
600 360 7 11 18 9 0
588 380 7 0 38 5 1
612 380 8 10 12 10 1
480 240 7 5 25 2 0
468 260 6 14 34 5 0
492 260 5 3 20 1 0
516 260 7 14 4 9 0
456 280 0 3 21 7 2
480 280 8 14 8 1 1
444 300 0 8 4 9 0
468 300 0 14 10 7 0
492 300 4 14 11 2 2
516 300 5 11 28 6 1
432 320 3 6 0 10 2
456 320 3 3 35 8 0
480 320 8 11 20 1 0
504 320 4 3 36 5 2
528 320 6 13 0 3 2
444 340 1 5 24 4 0
468 340 2 10 4 1 1
492 340 6 7 36 0 2
516 340 6 7 14 5 1
540 340 5 7 22 2 1
564 340 8 0 33 9 2
504 360 3 13 40 8 0
528 360 7 0 1 0 0
552 360 6 6 18 5 2
576 360 3 2 23 1 2
600 360 4 8 40 7 2
588 380 7 1 39 2 2
612 380 3 4 8 1 0
480 240 4 4 33 3 2
468 260 6 5 9 2 1
492 260 3 3 16 0 1
516 260 7 0 9 9 0
456 280 8 3 13 5 1
480 280 2 8 3 9 2
444 300 1 1 22 2 0
468 300 4 9 12 3 2
492 300 3 15 2 1 2
516 300 4 7 35 7 0
432 320 3 13 36 2 0
456 320 3 3 21 3 2
480 320 7 12 26 2 2
504 320 4 5 26 6 0
528 320 3 8 27 0 0
444 340 1 8 23 8 1
468 340 0 11 6 0 1
492 340 4 1 18 7 1
516 340 4 11 11 10 0
540 340 7 3 34 8 2
564 340 2 3 31 6 2
504 360 3 1 38 5 1
528 360 1 11 4 9 0
552 360 2 10 0 9 0
576 360 8 5 18 5 2
600 360 0 9 4 0 1
588 380 5 12 26 2 2
612 380 5 10 15 0 0
480 240 4 0 25 2 0
468 260 1 1 9 3 0
492 260 1 4 6 3 1
516 260 3 8 16 3 2
456 280 6 1 34 3 1
480 280 1 6 10 5 0
444 300 4 3 40 1 1
468 300 8 5 15 1 1
492 300 6 14 4 8 1
516 300 5 15 35 2 2
432 320 7 0 11 8 0
456 320 0 1 16 0 0
480 320 5 4 20 1 0
504 320 4 3 26 9 2
528 320 5 7 14 1 1
444 340 8 4 14 4 0
468 340 8 15 38 8 2
492 340 3 10 40 9 2
516 340 1 1 22 2 1
540 340 7 9 13 0 1
564 340 1 9 28 0 1
504 360 1 2 17 6 2
528 360 8 4 36 7 0
552 360 3 13 37 9 1
576 360 5 6 0 6 2
600 360 6 2 36 1 0
588 380 4 11 25 3 0
612 380 1 7 26 4 1
480 240 4 0 25 2 0
468 260 1 1 9 3 0
492 260 1 4 6 3 1
516 260 3 8 16 3 2
456 280 6 1 34 3 1
480 280 1 6 10 5 0
444 300 4 3 40 1 1
468 300 8 5 15 1 1
492 300 6 14 4 8 1
516 300 5 15 35 2 2
432 320 7 0 11 8 0
456 320 0 1 16 0 0
480 320 5 4 20 1 0
504 320 4 3 26 9 2
528 320 5 7 14 1 1
444 340 8 4 14 4 0
468 340 8 15 38 8 2
492 340 3 10 40 9 2
516 340 1 1 22 2 1
540 340 7 9 13 0 1
564 340 1 9 28 0 1
504 360 1 2 17 6 2
528 360 8 4 36 7 0
552 360 3 13 37 9 1
576 360 5 6 0 6 2
600 360 6 2 36 1 0
588 380 4 11 25 3 0
612 380 1 7 26 4 1
480 240 1 10 10 2 0
468 260 6 5 39 6 2
492 260 8 1 15 4 1
516 260 0 5 11 1 0
456 280 2 4 12 1 2
480 280 8 8 6 1 2
444 300 5 12 36 1 1
468 300 5 5 26 9 1
492 300 5 1 4 2 1
516 300 7 13 26 7 2
432 320 8 10 13 5 0
456 320 7 0 29 9 1
480 320 3 0 7 5 2
504 320 6 8 12 8 2
528 320 0 13 32 9 0
444 340 5 12 27 10 2
468 340 7 12 29 7 0
492 340 3 2 30 10 0
516 340 5 1 23 4 0
540 340 6 13 2 3 1
564 340 0 5 36 5 1
504 360 0 7 6 1 1
528 360 1 5 22 2 2
552 360 3 14 28 10 2
576 360 7 13 30 0 0
600 360 3 2 2 2 0
588 380 4 7 31 1 0
612 380 5 0 38 0 0
480 240 1 10 10 2 0
468 260 6 5 39 6 2
492 260 8 1 15 4 1
516 260 0 5 11 1 0
456 280 2 4 12 1 2
480 280 8 8 6 1 2
444 300 5 12 36 1 1
468 300 5 5 26 9 1
492 300 5 1 4 2 1
516 300 7 13 26 7 2
432 320 8 10 13 5 0
456 320 7 0 29 9 1
480 320 3 0 7 5 2
504 320 6 8 12 8 2
528 320 0 13 32 9 0
444 340 5 12 27 10 2
468 340 7 12 29 7 0
492 340 3 2 30 10 0
516 340 5 1 23 4 0
540 340 6 13 2 3 1
564 340 0 5 36 5 1
504 360 0 7 6 1 1
528 360 1 5 22 2 2
552 360 3 14 28 10 2
576 360 7 13 30 0 0
600 360 3 2 2 2 0
588 380 4 7 31 1 0
612 380 5 0 38 0 0
480 240 1 10 10 2 0
468 260 6 5 39 6 2
492 260 8 1 15 4 1
516 260 0 5 11 1 0
456 280 2 4 12 1 2
480 280 8 8 6 1 2
444 300 5 12 36 1 1
468 300 5 5 26 9 1
492 300 5 1 4 2 1
516 300 7 13 26 7 2
432 320 8 10 13 5 0
456 320 7 0 29 9 1
480 320 3 0 7 5 2
504 320 6 8 12 8 2
528 320 0 13 32 9 0
444 340 5 12 27 10 2
468 340 7 12 29 7 0
492 340 3 2 30 10 0
516 340 5 1 23 4 0
540 340 6 13 2 3 1
564 340 0 5 36 5 1
504 360 0 7 6 1 1
528 360 1 5 22 2 2
552 360 3 14 28 10 2
576 360 7 13 30 0 0
600 360 3 2 2 2 0
588 380 4 7 31 1 0
612 380 5 0 38 0 0
480 240 1 10 10 2 0
468 260 6 5 39 6 2
492 260 8 1 15 4 1
516 260 0 5 11 1 0
456 280 2 4 12 1 2
480 280 8 8 6 1 2
444 300 5 12 36 1 1
468 300 5 5 26 9 1
492 300 5 1 4 2 1
516 300 7 13 26 7 2
432 320 8 10 13 5 0
456 320 7 0 29 9 1
480 320 3 0 7 5 2
504 320 6 8 12 8 2
528 320 0 13 32 9 0
444 340 5 12 27 10 2
468 340 7 12 29 7 0
492 340 3 2 30 10 0
516 340 5 1 23 4 0
540 340 6 13 2 3 1
564 340 0 5 36 5 1
504 360 0 7 6 1 1
528 360 1 5 22 2 2
552 360 3 14 28 10 2
576 360 7 13 30 0 0
600 360 3 2 2 2 0
588 380 4 7 31 1 0
612 380 5 0 38 0 0
480 240 2 5 35 1 0
468 260 8 4 28 9 0
492 260 6 0 12 5 2
516 260 5 8 14 9 0
456 280 0 14 9 7 2
480 280 8 0 33 3 1
444 300 8 7 4 7 2
468 300 0 7 9 9 1
492 300 2 3 3 6 0
516 300 0 7 5 5 0
432 320 6 12 15 3 2
456 320 8 11 29 1 2
480 320 7 15 22 10 1
504 320 6 3 22 0 1
528 320 2 7 9 0 2
444 340 4 10 8 2 1
468 340 2 7 27 1 1
492 340 5 4 24 7 2
516 340 7 6 12 2 2
540 340 5 5 25 9 1
564 340 4 7 2 7 2
504 360 0 15 25 9 2
528 360 4 11 9 0 1
552 360 6 8 21 3 1
576 360 0 10 2 0 2
600 360 8 4 24 1 0
588 380 5 7 14 10 0
612 380 3 1 27 8 0
480 240 4 10 22 7 2
468 260 2 14 35 0 0
492 260 1 6 19 5 1
516 260 4 15 0 7 0
456 280 8 8 16 0 2
480 280 4 14 32 3 2
444 300 4 12 19 4 2
468 300 8 13 25 7 1
492 300 2 13 11 5 2
516 300 6 10 7 7 2
432 320 0 15 19 2 1
456 320 3 15 30 2 0
480 320 8 1 11 2 0
504 320 0 2 29 5 1
528 320 3 6 13 10 2
444 340 1 13 40 3 0
468 340 2 11 24 6 1
492 340 2 4 28 8 0
516 340 8 2 17 10 2
540 340 1 14 40 8 1
564 340 3 10 21 1 2
504 360 7 2 16 10 1
528 360 6 11 29 7 0
552 360 2 7 27 7 2
576 360 3 3 6 3 0
600 360 3 0 29 5 1
588 380 8 14 2 0 0
612 380 7 4 8 3 1
480 240 1 10 10 2 0
468 260 6 5 39 6 2
492 260 8 1 15 4 1
516 260 0 5 11 1 0
456 280 2 4 12 1 2
480 280 8 8 6 1 2
444 300 5 12 36 1 1
468 300 5 5 26 9 1
492 300 5 1 4 2 1
516 300 7 13 26 7 2
432 320 8 10 13 5 0
456 320 7 0 29 9 1
480 320 3 0 7 5 2
504 320 6 8 12 8 2
528 320 0 13 32 9 0
444 340 5 12 27 10 2
468 340 7 12 29 7 0
492 340 3 2 30 10 0
516 340 5 1 23 4 0
540 340 6 13 2 3 1
564 340 0 5 36 5 1
504 360 0 7 6 1 1
528 360 1 5 22 2 2
552 360 3 14 28 10 2
576 360 7 13 30 0 0
600 360 3 2 2 2 0
588 380 4 7 31 1 0
612 380 5 0 38 0 0
480 240 2 10 34 9 0
468 260 7 8 22 10 0
492 260 6 9 36 8 0
516 260 7 0 24 10 1
456 280 2 3 14 3 0
480 280 3 15 24 4 0
444 300 4 14 27 2 1
468 300 3 10 19 4 0
492 300 6 4 14 7 1
516 300 5 2 7 8 0
432 320 2 5 8 8 1
456 320 1 11 34 9 0
480 320 0 6 16 4 2
504 320 4 8 28 6 0
528 320 5 6 27 8 1
444 340 8 2 0 6 2
468 340 0 2 29 2 2
492 340 5 9 40 1 0
516 340 8 11 6 4 0
540 340 8 6 3 0 0
564 340 8 7 25 0 2
504 360 8 10 5 2 0
528 360 2 14 40 8 0
552 360 5 4 8 7 2
576 360 0 14 11 4 0
600 360 5 12 12 3 1
588 380 7 5 16 0 1
612 380 8 7 31 5 2
480 240 1 10 10 2 0
468 260 6 5 39 6 2
492 260 8 1 15 4 1
516 260 0 5 11 1 0
456 280 2 4 12 1 2
480 280 8 8 6 1 2
444 300 5 12 36 1 1
468 300 5 5 26 9 1
492 300 5 1 4 2 1
516 300 7 13 26 7 2
432 320 8 10 13 5 0
456 320 7 0 29 9 1
480 320 3 0 7 5 2
504 320 6 8 12 8 2
528 320 0 13 32 9 0
444 340 5 12 27 10 2
468 340 7 12 29 7 0
492 340 3 2 30 10 0
516 340 5 1 23 4 0
540 340 6 13 2 3 1
564 340 0 5 36 5 1
504 360 0 7 6 1 1
528 360 1 5 22 2 2
552 360 3 14 28 10 2
576 360 7 13 30 0 0
600 360 3 2 2 2 0
588 380 4 7 31 1 0
612 380 5 0 38 0 0
480 240 1 10 10 2 0
468 260 6 5 39 6 2
492 260 8 1 15 4 1
516 260 0 5 11 1 0
456 280 2 4 12 1 2
480 280 8 8 6 1 2
444 300 5 12 36 1 1
468 300 5 5 26 9 1
492 300 5 1 4 2 1
516 300 7 13 26 7 2
432 320 8 10 13 5 0
456 320 7 0 29 9 1
480 320 3 0 7 5 2
504 320 6 8 12 8 2
528 320 0 13 32 9 0
444 340 5 12 27 10 2
468 340 7 12 29 7 0
492 340 3 2 30 10 0
516 340 5 1 23 4 0
540 340 6 13 2 3 1
564 340 0 5 36 5 1
504 360 0 7 6 1 1
528 360 1 5 22 2 2
552 360 3 14 28 10 2
576 360 7 13 30 0 0
600 360 3 2 2 2 0
588 380 4 7 31 1 0
612 380 5 0 38 0 0
480 240 7 10 15 4 1
468 260 2 12 18 8 0
492 260 1 2 14 8 0
516 260 4 11 10 7 2
456 280 4 11 5 10 2
480 280 6 10 27 3 0
444 300 4 0 4 9 0
468 300 3 12 28 5 2
492 300 1 1 8 9 0
516 300 3 12 30 7 1
432 320 0 1 7 10 2
456 320 3 0 26 6 0
480 320 3 11 30 3 1
504 320 2 15 3 9 2
528 320 1 9 22 5 0
444 340 0 12 28 7 2
468 340 4 7 32 9 1
492 340 1 12 39 0 0
516 340 8 10 15 9 1
540 340 4 8 33 8 2
564 340 8 14 0 3 1
504 360 5 10 10 5 1
528 360 5 4 29 5 0
552 360 1 14 39 9 2
576 360 7 6 2 10 0
600 360 4 5 15 7 1
588 380 1 11 36 7 2
612 380 5 2 26 6 1
480 240 4 1 13 1 1
468 260 1 2 15 3 0
492 260 0 4 34 8 1
516 260 0 3 21 10 1
456 280 5 1 1 1 0
480 280 7 1 4 1 0
444 300 0 0 7 9 1
468 300 7 1 13 6 1
492 300 7 11 18 7 0
516 300 1 8 27 2 2
432 320 6 0 31 1 2
456 320 6 3 36 8 0
480 320 6 0 19 4 1
504 320 7 15 36 7 1
528 320 3 2 2 10 2
444 340 1 13 13 1 1
468 340 2 13 18 5 1
492 340 0 5 31 10 2
516 340 3 9 9 9 0
540 340 0 1 26 6 2
564 340 5 2 9 1 0
504 360 2 11 13 7 1
528 360 2 13 38 8 2
552 360 5 6 6 5 1
576 360 8 0 8 9 2
600 360 1 1 12 1 0
588 380 2 6 15 5 1
612 380 1 9 4 4 1
480 240 4 1 13 1 1
468 260 1 2 15 3 0
492 260 0 4 34 8 1
516 260 0 3 21 10 1
456 280 5 1 1 1 0
480 280 7 1 4 1 0
444 300 0 0 7 9 1
468 300 7 1 13 6 1
492 300 7 11 18 7 0
516 300 1 8 27 2 2
432 320 6 0 31 1 2
456 320 6 3 36 8 0
480 320 6 0 19 4 1
504 320 7 15 36 7 1
528 320 3 2 2 10 2
444 340 1 13 13 1 1
468 340 2 13 18 5 1
492 340 0 5 31 10 2
516 340 3 9 9 9 0
540 340 0 1 26 6 2
564 340 5 2 9 1 0
504 360 2 11 13 7 1
528 360 2 13 38 8 2
552 360 5 6 6 5 1
576 360 8 0 8 9 2
600 360 1 1 12 1 0
588 380 2 6 15 5 1
612 380 1 9 4 4 1
480 240 5 8 21 9 2
468 260 3 14 25 9 1
492 260 0 6 2 8 0
516 260 3 8 0 5 1
456 280 6 1 22 4 1
480 280 3 4 4 8 2
444 300 8 6 16 2 2
468 300 8 11 37 1 0
492 300 7 10 1 10 0
516 300 5 4 5 2 1
432 320 8 3 11 2 0
456 320 5 4 12 0 0
480 320 1 0 36 3 2
504 320 3 13 24 10 0
528 320 0 10 3 1 1
444 340 4 8 7 8 2
468 340 4 1 8 6 0
492 340 5 11 35 9 2
516 340 1 1 19 8 2
540 340 7 14 17 6 0
564 340 4 1 5 8 2
504 360 5 14 19 7 1
528 360 4 8 19 5 1
552 360 1 9 22 10 1
576 360 5 11 25 2 0
600 360 3 9 35 2 0
588 380 0 15 1 5 1
612 380 2 1 17 3 2
480 240 4 1 13 1 1
468 260 1 2 15 3 0
492 260 0 4 34 8 1
516 260 0 3 21 10 1
456 280 5 1 1 1 0
480 280 7 1 4 1 0
444 300 0 0 7 9 1
468 300 7 1 13 6 1
492 300 7 11 18 7 0
516 300 1 8 27 2 2
432 320 6 0 31 1 2
456 320 6 3 36 8 0
480 320 6 0 19 4 1
504 320 7 15 36 7 1
528 320 3 2 2 10 2
444 340 1 13 13 1 1
468 340 2 13 18 5 1
492 340 0 5 31 10 2
516 340 3 9 9 9 0
540 340 0 1 26 6 2
564 340 5 2 9 1 0
504 360 2 11 13 7 1
528 360 2 13 38 8 2
552 360 5 6 6 5 1
576 360 8 0 8 9 2
600 360 1 1 12 1 0
588 380 2 6 15 5 1
612 380 1 9 4 4 1
480 240 4 1 13 1 1
468 260 1 2 15 3 0
492 260 0 4 34 8 1
516 260 0 3 21 10 1
456 280 5 1 1 1 0
480 280 7 1 4 1 0
444 300 0 0 7 9 1
468 300 7 1 13 6 1
492 300 7 11 18 7 0
516 300 1 8 27 2 2
432 320 6 0 31 1 2
456 320 6 3 36 8 0
480 320 6 0 19 4 1
504 320 7 15 36 7 1
528 320 3 2 2 10 2
444 340 1 13 13 1 1
468 340 2 13 18 5 1
492 340 0 5 31 10 2
516 340 3 9 9 9 0
540 340 0 1 26 6 2
564 340 5 2 9 1 0
504 360 2 11 13 7 1
528 360 2 13 38 8 2
552 360 5 6 6 5 1
576 360 8 0 8 9 2
600 360 1 1 12 1 0
588 380 2 6 15 5 1
612 380 1 9 4 4 1
