288 320 1 6 24 7 1
276 340 0 15 29 7 1
300 340 1 3 1 1 1
324 340 1 1 36 0 2
288 320 4 6 4 7 2
276 340 3 11 19 5 0
300 340 4 11 18 5 2
324 340 1 11 22 10 0
288 320 2 2 13 7 0
276 340 5 4 9 9 0
300 340 5 3 38 5 0
324 340 1 2 12 6 0
288 320 1 2 21 3 0
276 340 1 3 12 3 2
300 340 1 9 16 6 1
324 340 1 4 23 1 0
288 320 6 10 32 0 1
276 340 5 10 8 0 2
300 340 1 9 15 4 1
324 340 8 0 31 4 2
288 320 4 7 11 7 1
276 340 2 1 22 8 2
300 340 1 14 0 7 1
324 340 4 15 5 8 2
288 320 1 12 37 2 1
276 340 1 4 19 6 1
300 340 2 5 15 9 1
324 340 8 4 40 9 0
288 320 6 12 32 6 1
276 340 4 11 37 2 0
300 340 3 7 13 2 2
324 340 3 6 20 10 2
288 320 1 10 27 6 0
276 340 1 9 34 9 1
300 340 6 10 24 9 1
324 340 2 11 25 0 1
288 320 4 15 18 9 0
276 340 5 9 25 6 2
300 340 3 7 29 7 0
324 340 3 6 5 8 0
288 320 1 2 21 3 0
276 340 1 3 12 3 2
300 340 1 9 16 6 1
324 340 4 4 23 1 0
288 320 1 2 21 3 0
276 340 1 3 12 3 2
300 340 1 9 16 6 1
324 340 4 4 23 1 0
288 320 1 2 21 3 0
276 340 1 3 12 3 2
300 340 1 9 16 6 1
324 340 4 4 23 1 0
288 320 1 2 21 3 0
276 340 1 3 12 3 2
300 340 1 9 16 6 1
324 340 4 4 23 1 0
288 320 1 2 21 3 0
276 340 1 3 12 3 2
300 340 1 9 16 6 1
324 340 4 4 23 1 0
288 320 1 11 13 10 0
276 340 1 5 39 8 1
300 340 1 13 2 4 1
324 340 8 9 18 0 1
288 320 1 2 21 3 0
276 340 1 3 12 3 2
300 340 1 9 16 6 1
324 340 4 4 23 1 0
288 320 1 2 21 3 0
276 340 1 3 12 3 2
300 340 1 9 16 6 1
324 340 4 4 23 1 0
288 320 6 3 19 5 0
276 340 4 5 38 3 1
300 340 0 7 32 5 0
324 340 7 12 4 10 1
288 320 2 5 31 5 2
276 340 7 7 6 6 0
300 340 2 15 28 6 1
324 340 0 9 4 6 2
288 320 8 12 0 1 2
276 340 1 8 6 9 1
300 340 7 8 36 6 2
324 340 6 0 8 4 1
288 320 5 9 36 2 2
276 340 5 6 8 9 2
300 340 2 13 38 6 0
324 340 8 1 27 6 1
288 320 5 9 36 2 2
276 340 5 6 8 9 2
300 340 2 13 38 6 0
324 340 8 1 27 6 1
288 320 5 9 36 2 2
276 340 5 6 8 9 2
300 340 2 13 38 6 0
324 340 8 1 27 6 1
288 320 5 9 36 2 2
276 340 5 6 8 9 2
300 340 2 13 38 6 0
324 340 8 1 27 6 1
288 320 1 8 6 4 1
276 340 4 13 14 7 1
300 340 8 1 20 5 1
324 340 4 8 4 2 1
288 320 1 2 21 3 0
276 340 1 3 12 3 2
300 340 1 9 16 6 1
324 340 4 4 23 1 0
288 320 1 2 21 3 0
276 340 1 3 12 3 2
300 340 1 9 16 6 1
324 340 4 4 23 1 0
288 320 1 2 21 3 0
276 340 1 3 12 3 2
300 340 1 9 16 6 1
324 340 4 4 23 1 0
288 320 1 2 21 3 0
276 340 1 3 12 3 2
300 340 1 9 16 6 1
324 340 4 4 23 1 0
288 320 5 8 29 8 2
276 340 0 15 4 0 1
300 340 0 9 26 4 0
324 340 4 2 2 4 0
288 320 1 2 21 3 0
276 340 1 3 12 3 2
300 340 1 9 16 6 1
324 340 4 4 23 1 0
288 320 3 3 8 7 1
276 340 2 11 2 9 1
300 340 5 1 8 1 0
324 340 7 3 8 10 2
288 320 6 8 0 3 2
276 340 7 1 4 4 1
300 340 2 15 1 0 2
324 340 6 14 20 10 2
288 320 6 8 0 3 2
276 340 7 1 4 4 1
300 340 2 15 1 0 2
324 340 6 14 20 10 2
