192 360 1 6 24 7 1
180 380 0 15 29 7 1
204 380 1 3 1 1 1
192 400 1 1 36 0 2
216 400 1 6 4 7 2
204 420 1 11 19 5 0
228 420 1 11 18 5 2
240 440 1 11 22 10 0
192 360 1 2 13 7 0
180 380 1 4 9 9 0
204 380 1 3 38 5 0
192 400 1 2 12 6 0
216 400 1 2 35 3 0
204 420 2 3 36 3 2
228 420 1 13 3 6 2
240 440 1 4 23 1 0
192 360 6 10 32 0 1
180 380 5 10 8 0 2
204 380 1 9 15 4 1
192 400 8 0 31 4 2
216 400 4 7 11 7 1
204 420 2 1 22 8 2
228 420 1 14 0 7 1
240 440 4 15 5 8 2
192 360 1 12 37 2 1
180 380 3 4 19 6 1
204 380 2 5 15 9 1
192 400 8 4 40 9 0
216 400 6 12 32 6 1
204 420 0 11 37 2 0
228 420 3 7 13 2 2
240 440 3 6 20 10 2
192 360 5 10 27 6 0
180 380 6 9 34 9 1
204 380 6 10 24 9 1
192 400 2 11 25 0 1
216 400 0 15 18 9 0
204 420 5 9 25 6 2
228 420 3 7 29 7 0
240 440 3 6 5 8 0
192 360 5 10 7 3 0
180 380 5 7 16 3 2
204 380 5 15 10 2 0
192 400 1 5 16 5 1
216 400 5 14 25 10 1
204 420 5 12 32 10 1
228 420 1 14 27 7 2
240 440 5 5 28 10 0
192 360 1 8 30 4 1
180 380 1 12 10 6 1
204 380 1 0 0 2 0
192 400 1 7 31 4 0
216 400 1 15 2 9 2
204 420 1 3 20 10 2
228 420 1 3 16 1 2
240 440 2 7 1 0 2
192 360 1 12 37 2 1
180 380 3 4 19 6 1
204 380 2 5 15 9 1
192 400 8 4 40 9 0
216 400 6 12 32 6 1
204 420 0 11 37 2 0
228 420 3 7 13 2 2
240 440 3 6 20 10 2
192 360 1 12 37 2 1
180 380 3 4 19 6 1
204 380 2 5 15 9 1
192 400 8 4 40 9 0
216 400 6 12 32 6 1
204 420 0 11 37 2 0
228 420 3 7 13 2 2
240 440 3 6 20 10 2
192 360 1 12 37 2 1
180 380 3 4 19 6 1
204 380 2 5 15 9 1
192 400 8 4 40 9 0
216 400 6 12 32 6 1
204 420 0 11 37 2 0
228 420 3 7 13 2 2
240 440 3 6 20 10 2
192 360 1 12 37 2 1
180 380 3 4 19 6 1
204 380 2 5 15 9 1
192 400 8 4 40 9 0
216 400 6 12 32 6 1
204 420 0 11 37 2 0
228 420 3 7 13 2 2
240 440 3 6 20 10 2
192 360 8 2 7 8 0
180 380 4 14 5 8 1
204 380 8 10 12 1 1
192 400 4 1 17 4 2
216 400 5 0 23 8 2
204 420 4 15 1 8 1
228 420 5 14 21 4 1
240 440 8 12 23 1 1
192 360 6 8 7 7 0
180 380 4 15 27 5 2
204 380 1 1 2 5 1
192 400 5 12 3 3 1
216 400 1 8 6 4 1
204 420 4 13 14 7 1
228 420 8 1 20 5 1
240 440 4 8 4 2 1
192 360 4 3 18 10 1
180 380 4 7 10 8 0
204 380 6 2 1 3 1
192 400 4 1 26 2 1
216 400 4 0 30 8 1
204 420 6 13 10 1 2
228 420 0 6 31 9 0
240 440 2 9 33 5 2
192 360 4 3 18 10 1
180 380 4 7 10 8 0
204 380 6 2 1 3 1
192 400 4 1 26 2 1
216 400 4 0 30 8 1
204 420 6 13 10 1 2
228 420 0 6 31 9 0
240 440 2 9 33 5 2
192 360 1 8 29 8 2
180 380 0 15 4 0 1
204 380 0 9 26 4 0
192 400 1 2 2 4 0
216 400 1 5 8 9 0
204 420 1 15 3 0 2
228 420 1 2 2 1 0
240 440 6 7 38 8 0
192 360 3 3 8 7 1
180 380 2 11 2 9 2
204 380 1 1 8 1 0
192 400 7 3 8 10 2
216 400 6 8 0 3 2
204 420 7 1 4 4 1
228 420 2 15 1 0 2
240 440 6 14 20 10 2
192 360 3 3 8 7 1
180 380 2 11 2 9 2
204 380 1 1 8 1 0
192 400 7 3 8 10 2
216 400 6 8 0 3 2
204 420 7 1 4 4 1
228 420 2 15 1 0 2
240 440 6 14 20 10 2
192 360 3 3 8 7 1
180 380 2 11 2 9 2
204 380 1 1 8 1 0
192 400 7 3 8 10 2
216 400 6 8 0 3 2
204 420 7 1 4 4 1
228 420 2 15 1 0 2
240 440 6 14 20 10 2
192 360 2 10 30 3 0
180 380 4 7 23 3 2
204 380 5 15 4 8 1
192 400 8 3 13 3 1
216 400 0 2 25 10 0
204 420 6 14 21 1 1
228 420 6 0 23 3 0
240 440 2 3 9 4 1
192 360 2 0 36 5 0
180 380 7 11 16 4 1
204 380 6 15 14 10 0
192 400 7 9 25 0 0
216 400 6 6 33 10 1
204 420 4 2 5 1 1
228 420 7 14 16 4 1
240 440 8 3 12 7 2
192 360 4 14 3 5 2
180 380 3 6 20 2 0
204 380 6 5 10 2 0
192 400 8 1 23 10 0
216 400 5 14 22 5 1
204 420 1 8 33 9 1
228 420 5 9 19 4 1
240 440 6 14 36 4 1
192 360 2 10 30 3 0
180 380 4 7 23 3 2
204 380 5 15 4 8 1
192 400 8 3 13 3 1
216 400 0 2 25 10 0
204 420 6 14 21 1 1
228 420 6 0 23 3 0
240 440 2 3 9 4 1
192 360 2 10 30 3 0
180 380 4 7 23 3 2
204 380 5 15 4 8 1
192 400 8 3 13 3 1
216 400 0 2 25 10 0
204 420 6 14 21 1 1
228 420 6 0 23 3 0
240 440 2 3 9 4 1
192 360 2 10 30 3 0
180 380 4 7 23 3 2
204 380 5 15 4 8 1
192 400 8 3 13 3 1
216 400 0 2 25 10 0
204 420 6 14 21 1 1
228 420 6 0 23 3 0
240 440 2 3 9 4 1
192 360 1 7 7 1 1
180 380 1 2 12 3 0
204 380 1 12 18 4 2
192 400 1 13 38 1 1
216 400 1 3 21 4 2
204 420 1 13 20 3 2
228 420 5 5 11 2 2
240 440 6 2 8 0 1
192 360 2 10 30 3 0
180 380 4 7 23 3 2
204 380 5 15 4 8 1
192 400 8 3 13 3 1
216 400 0 2 25 10 0
204 420 6 14 21 1 1
228 420 6 0 23 3 0
240 440 2 3 9 4 1
192 360 2 10 30 3 0
180 380 4 7 23 3 2
204 380 5 15 4 8 1
192 400 8 3 13 3 1
216 400 0 2 25 10 0
204 420 6 14 21 1 1
228 420 6 0 23 3 0
240 440 2 3 9 4 1
192 360 1 1 22 2 1
180 380 0 14 15 2 0
204 380 2 4 4 6 2
192 400 2 3 3 9 2
216 400 8 10 15 5 0
204 420 6 10 0 1 1
228 420 7 14 22 7 2
240 440 0 5 33 8 2
192 360 7 9 34 9 1
180 380 4 2 28 6 2
204 380 3 7 5 4 0
192 400 2 6 4 5 2
216 400 7 10 38 2 0
204 420 1 13 19 3 2
228 420 0 7 12 4 1
240 440 4 3 28 0 1
192 360 5 8 17 10 0
180 380 5 11 16 2 2
204 380 8 6 27 1 2
192 400 5 7 6 7 0
216 400 5 5 16 1 0
204 420 4 3 30 9 1
228 420 4 14 15 1 0
240 440 3 10 19 10 0
192 360 5 11 9 8 1
180 380 5 13 1 7 1
204 380 5 1 24 0 1
192 400 5 13 12 1 1
216 400 1 3 18 2 1
204 420 1 1 10 0 1
228 420 1 13 9 3 0
240 440 5 5 21 0 1
192 360 1 10 31 8 0
180 380 5 9 23 3 1
204 380 5 1 23 4 1
192 400 3 11 21 8 0
216 400 5 15 1 9 0
204 420 5 1 16 6 1
228 420 6 13 37 6 1
240 440 3 8 23 8 1
192 360 1 11 9 8 1
180 380 1 13 1 7 1
204 380 1 1 24 0 1
192 400 1 13 12 1 1
216 400 6 3 18 2 1
204 420 5 1 10 0 1
228 420 5 13 9 3 0
240 440 5 5 21 0 1
192 360 1 11 9 8 1
180 380 1 13 1 7 1
204 380 1 1 24 0 1
192 400 1 13 12 1 1
216 400 6 3 18 2 1
204 420 5 1 10 0 1
228 420 5 13 9 3 0
240 440 5 5 21 0 1
