228 100 6 9 34 9 1
216 120 6 10 24 9 1
240 120 2 11 25 0 1
180 140 0 15 18 9 0
204 140 5 9 25 6 2
228 140 3 7 29 7 0
252 140 3 6 5 8 0
216 160 0 10 7 3 0
240 160 2 7 16 3 2
264 160 5 15 10 2 0
252 180 1 5 16 5 1
228 100 6 9 34 9 1
216 120 6 10 24 9 1
240 120 2 11 25 0 1
180 140 0 15 18 9 0
204 140 5 9 25 6 2
228 140 3 7 29 7 0
252 140 3 6 5 8 0
216 160 0 10 7 3 0
240 160 2 7 16 3 2
264 160 5 15 10 2 0
252 180 1 5 16 5 1
228 100 6 9 34 9 1
216 120 6 10 24 9 1
240 120 2 11 25 0 1
180 140 0 15 18 9 0
204 140 5 9 25 6 2
228 140 3 7 29 7 0
252 140 3 6 5 8 0
216 160 0 10 7 3 0
240 160 2 7 16 3 2
264 160 5 15 10 2 0
252 180 1 5 16 5 1
228 100 6 8 0 3 2
216 120 7 1 4 4 1
240 120 2 15 1 0 2
180 140 6 14 20 10 2
204 140 5 4 15 7 0
228 140 1 5 37 4 1
252 140 4 10 6 10 2
216 160 8 11 36 1 0
240 160 1 5 32 6 0
264 160 1 5 6 4 0
252 180 4 12 23 8 0
228 100 6 8 0 3 2
216 120 7 1 4 4 1
240 120 2 15 1 0 2
180 140 6 14 20 10 2
204 140 5 4 15 7 0
228 140 1 5 37 4 1
252 140 4 10 6 10 2
216 160 8 11 36 1 0
240 160 1 5 32 6 0
264 160 1 5 6 4 0
252 180 4 12 23 8 0
228 100 6 8 0 3 2
216 120 7 1 4 4 1
240 120 2 15 1 0 2
180 140 6 14 20 10 2
204 140 5 4 15 7 0
228 140 1 5 37 4 1
252 140 4 10 6 10 2
216 160 8 11 36 1 0
240 160 1 5 32 6 0
264 160 1 5 6 4 0
252 180 4 12 23 8 0
228 100 1 6 11 4 1
216 120 1 12 12 0 2
240 120 1 13 22 2 0
180 140 1 13 13 0 2
204 140 1 12 6 0 0
228 140 1 8 12 8 0
252 140 1 3 19 5 0
216 160 1 5 38 3 1
240 160 0 7 32 5 0
264 160 7 12 4 10 1
252 180 2 5 31 5 2
228 100 1 6 11 4 1
216 120 1 12 12 0 2
240 120 1 13 22 2 0
180 140 1 13 13 0 2
204 140 1 12 6 0 0
228 140 1 8 12 8 0
252 140 1 3 19 5 0
216 160 1 5 38 3 1
240 160 0 7 32 5 0
264 160 7 12 4 10 1
252 180 2 5 31 5 2
228 100 1 6 11 4 1
216 120 1 12 12 0 2
240 120 1 13 22 2 0
180 140 1 13 13 0 2
204 140 1 12 6 0 0
228 140 1 8 12 8 0
252 140 1 3 19 5 0
216 160 1 5 38 3 1
240 160 0 7 32 5 0
264 160 7 12 4 10 1
252 180 2 5 31 5 2
228 100 6 8 0 3 2
216 120 7 1 4 4 1
240 120 2 15 1 0 2
180 140 6 14 20 10 2
204 140 5 4 15 7 0
228 140 1 5 37 4 1
252 140 4 10 6 10 2
216 160 8 11 36 1 0
240 160 1 5 32 6 0
264 160 1 5 6 4 0
252 180 4 12 23 8 0
228 100 6 8 0 3 2
216 120 7 1 4 4 1
240 120 2 15 1 0 2
180 140 6 14 20 10 2
204 140 5 4 15 7 0
228 140 1 5 37 4 1
252 140 4 10 6 10 2
216 160 8 11 36 1 0
240 160 1 5 32 6 0
264 160 1 5 6 4 0
252 180 4 12 23 8 0
228 100 6 8 0 3 2
216 120 7 1 4 4 1
240 120 2 15 1 0 2
180 140 6 14 20 10 2
204 140 5 4 15 7 0
228 140 1 5 37 4 1
252 140 4 10 6 10 2
216 160 8 11 36 1 0
240 160 1 5 32 6 0
264 160 1 5 6 4 0
252 180 4 12 23 8 0
228 100 7 13 20 3 0
216 120 8 7 27 2 0
240 120 5 13 4 7 1
180 140 7 15 29 3 1
204 140 5 13 16 2 1
228 140 7 0 18 9 1
252 140 7 13 29 2 0
216 160 4 15 22 3 1
240 160 8 11 4 7 1
264 160 5 10 23 3 0
252 180 4 7 23 3 1
228 100 6 8 0 3 2
216 120 7 1 4 4 1
240 120 2 15 1 0 2
180 140 6 14 20 10 2
204 140 5 4 15 7 0
228 140 1 5 37 4 1
252 140 4 10 6 10 2
216 160 8 11 36 1 0
240 160 1 5 32 6 0
264 160 1 5 6 4 0
252 180 4 12 23 8 0
228 100 6 8 0 3 2
216 120 7 1 4 4 1
240 120 2 15 1 0 2
180 140 6 14 20 10 2
204 140 5 4 15 7 0
228 140 1 5 37 4 1
252 140 4 10 6 10 2
216 160 8 11 36 1 0
240 160 1 5 32 6 0
264 160 1 5 6 4 0
252 180 4 12 23 8 0
228 100 6 8 0 3 2
216 120 7 1 4 4 1
240 120 2 15 1 0 2
180 140 6 14 20 10 2
204 140 5 4 15 7 0
228 140 1 5 37 4 1
252 140 4 10 6 10 2
216 160 8 11 36 1 0
240 160 1 5 32 6 0
264 160 1 5 6 4 0
252 180 4 12 23 8 0
228 100 6 8 0 3 2
216 120 7 1 4 4 1
240 120 2 15 1 0 2
180 140 6 14 20 10 2
204 140 5 4 15 7 0
228 140 1 5 37 4 1
252 140 4 10 6 10 2
216 160 8 11 36 1 0
240 160 1 5 32 6 0
264 160 1 5 6 4 0
252 180 4 12 23 8 0
228 100 6 8 0 3 2
216 120 7 1 4 4 1
240 120 2 15 1 0 2
180 140 6 14 20 10 2
204 140 5 4 15 7 0
228 140 1 5 37 4 1
252 140 4 10 6 10 2
216 160 8 11 36 1 0
240 160 1 5 32 6 0
264 160 1 5 6 4 0
252 180 4 12 23 8 0
228 100 5 8 14 6 1
216 120 5 12 12 8 1
240 120 7 6 22 7 1
180 140 5 13 13 2 1
204 140 6 6 26 5 1
228 140 5 4 15 10 2
252 140 2 14 18 1 2
216 160 8 4 1 8 1
240 160 1 14 12 4 0
264 160 4 3 26 3 1
252 180 6 9 30 9 2
228 100 7 1 3 8 0
216 120 1 6 28 1 0
240 120 5 14 3 2 2
180 140 2 10 39 4 0
204 140 1 1 22 2 1
228 140 0 14 15 2 0
252 140 2 4 4 6 2
216 160 2 3 3 9 2
240 160 8 10 15 5 0
264 160 6 10 0 1 1
252 180 7 14 22 7 2
228 100 0 5 33 8 2
216 120 7 9 34 9 1
240 120 4 2 28 6 2
180 140 3 7 5 4 0
204 140 2 6 4 5 2
228 140 7 10 38 2 0
252 140 1 13 19 3 2
216 160 0 7 12 4 1
240 160 4 3 28 0 1
264 160 5 8 17 10 0
252 180 5 11 16 2 2
228 100 0 5 33 8 2
216 120 7 9 34 9 1
240 120 4 2 28 6 2
180 140 3 7 5 4 0
204 140 2 6 4 5 2
228 140 7 10 38 2 0
252 140 1 13 19 3 2
216 160 0 7 12 4 1
240 160 4 3 28 0 1
264 160 5 8 17 10 0
252 180 5 11 16 2 2
228 100 5 5 22 8 2
216 120 7 9 12 9 1
240 120 4 2 28 6 2
180 140 3 7 5 4 0
204 140 5 6 4 5 2
228 140 7 10 13 2 0
252 140 7 13 19 3 1
216 160 6 7 12 4 1
240 160 4 3 28 0 1
264 160 5 8 17 10 0
252 180 5 11 16 2 1
228 100 0 5 33 8 2
216 120 7 9 34 9 1
240 120 4 2 28 6 2
180 140 3 7 5 4 0
204 140 2 6 4 5 2
228 140 7 10 38 2 0
252 140 1 13 19 3 2
216 160 0 7 12 4 1
240 160 4 3 28 0 1
264 160 5 8 17 10 0
252 180 5 11 16 2 2
228 100 0 5 33 8 2
216 120 7 9 34 9 1
240 120 4 2 28 6 2
180 140 3 7 5 4 0
204 140 2 6 4 5 2
228 140 7 10 38 2 0
252 140 1 13 19 3 2
216 160 0 7 12 4 1
240 160 4 3 28 0 1
264 160 5 8 17 10 0
252 180 5 11 16 2 2
228 100 0 5 33 8 2
216 120 7 9 34 9 1
240 120 4 2 28 6 2
180 140 3 7 5 4 0
204 140 2 6 4 5 2
228 140 7 10 38 2 0
252 140 1 13 19 3 2
216 160 0 7 12 4 1
240 160 4 3 28 0 1
264 160 5 8 17 10 0
252 180 5 11 16 2 2
228 100 0 5 33 8 2
216 120 7 9 34 9 1
240 120 4 2 28 6 2
180 140 3 7 5 4 0
204 140 2 6 4 5 2
228 140 7 10 38 2 0
252 140 1 13 19 3 2
216 160 0 7 12 4 1
240 160 4 3 28 0 1
264 160 5 8 17 10 0
252 180 5 11 16 2 2
228 100 5 5 22 8 2
216 120 7 9 12 9 1
240 120 4 2 28 6 2
180 140 3 7 5 4 0
204 140 5 6 4 5 2
228 140 7 10 13 2 0
252 140 7 13 19 3 1
216 160 6 7 12 4 1
240 160 4 3 28 0 1
264 160 5 8 17 10 0
252 180 5 11 16 2 1
228 100 1 1 10 0 1
216 120 1 13 9 3 0
240 120 1 5 9 0 1
180 140 1 4 10 5 1
204 140 1 15 19 9 0
228 140 5 12 20 10 1
252 140 5 7 6 10 0
216 160 4 0 26 5 1
240 160 4 0 10 0 1
264 160 4 0 24 2 0
252 180 8 3 5 9 0
228 100 8 6 29 3 0
216 120 3 0 3 5 1
240 120 8 2 17 4 1
180 140 1 4 25 8 1
204 140 1 6 3 4 1
228 140 5 10 8 1 1
252 140 1 5 29 3 1
216 160 1 12 24 10 0
240 160 1 5 19 8 0
264 160 1 4 23 1 1
252 180 1 11 13 3 1
228 100 5 5 22 8 2
216 120 7 9 12 9 1
240 120 4 2 28 6 2
180 140 3 7 5 4 0
204 140 5 6 4 5 2
228 140 7 10 13 2 0
252 140 7 13 19 3 1
216 160 6 7 12 4 1
240 160 4 3 28 0 1
264 160 5 8 17 10 0
252 180 5 11 16 2 1
228 100 5 5 22 8 2
216 120 7 9 12 9 1
240 120 4 2 28 6 2
180 140 3 7 5 4 0
204 140 5 6 4 5 2
228 140 5 10 13 2 0
252 140 5 13 19 3 1
216 160 5 7 12 4 1
240 160 5 3 28 0 1
264 160 5 8 17 10 0
252 180 5 11 16 2 1
228 100 8 6 29 3 0
216 120 3 0 3 5 1
240 120 8 2 17 4 1
180 140 1 4 25 8 1
204 140 1 6 3 4 1
228 140 1 10 8 1 1
252 140 1 5 29 3 1
216 160 1 12 24 10 0
240 160 1 5 19 8 0
264 160 1 4 23 1 1
252 180 1 11 13 3 1
228 100 8 6 29 3 0
216 120 5 0 3 5 1
240 120 1 2 17 4 1
180 140 5 4 25 8 1
204 140 5 6 3 4 1
228 140 5 10 8 1 1
252 140 1 5 29 3 1
216 160 1 12 24 10 0
240 160 1 5 19 8 0
264 160 1 4 23 1 1
252 180 1 11 13 3 1
228 100 8 6 29 3 0
216 120 3 0 3 5 1
240 120 8 2 17 4 1
180 140 1 4 25 8 1
204 140 1 6 3 4 1
228 140 5 10 8 1 1
252 140 1 5 29 3 1
216 160 1 12 24 10 0
240 160 1 5 19 8 0
264 160 1 4 23 1 1
252 180 1 11 13 3 1
