288 80 4 6 24 7 1
312 80 0 15 29 7 1
336 80 5 3 1 1 1
276 100 3 1 36 0 2
300 100 4 6 4 7 2
324 100 3 11 19 5 0
348 100 4 11 18 5 2
372 100 1 11 22 10 0
288 120 2 2 13 7 0
312 120 5 4 9 9 0
336 120 1 3 38 5 0
360 120 8 2 12 6 0
276 140 4 2 35 3 0
300 140 2 3 36 3 2
324 140 1 13 3 6 2
348 140 8 4 23 1 0
372 140 6 10 32 0 1
288 160 5 10 8 0 2
312 160 1 9 15 4 1
336 160 8 0 31 4 2
300 180 4 7 11 7 1
324 180 2 1 22 8 2
348 180 1 14 0 7 1
288 80 4 15 5 8 2
312 80 1 12 37 2 1
336 80 3 4 19 6 1
276 100 2 5 15 9 1
300 100 8 4 40 9 0
324 100 6 12 32 6 1
348 100 0 11 37 2 0
372 100 3 7 13 2 2
288 120 3 6 20 10 2
312 120 5 10 27 6 0
336 120 6 9 34 9 1
360 120 6 10 24 9 1
276 140 2 11 25 0 1
300 140 0 15 18 9 0
324 140 5 9 25 6 2
348 140 3 7 29 7 0
372 140 3 6 5 8 0
288 160 0 10 7 3 0
312 160 2 7 16 3 2
336 160 5 15 10 2 0
300 180 1 5 16 5 1
324 180 5 14 25 10 1
348 180 1 12 32 10 1
288 80 4 15 5 8 2
312 80 1 12 37 2 1
336 80 3 4 19 6 1
276 100 2 5 15 9 1
300 100 8 4 40 9 0
324 100 6 12 32 6 1
348 100 0 11 37 2 0
372 100 3 7 13 2 2
288 120 3 6 20 10 2
312 120 5 10 27 6 0
336 120 6 9 34 9 1
360 120 6 10 24 9 1
276 140 2 11 25 0 1
300 140 0 15 18 9 0
324 140 5 9 25 6 2
348 140 3 7 29 7 0
372 140 3 6 5 8 0
288 160 0 10 7 3 0
312 160 2 7 16 3 2
336 160 5 15 10 2 0
300 180 1 5 16 5 1
324 180 5 14 25 10 1
348 180 1 12 32 10 1
288 80 4 15 5 8 2
312 80 1 12 37 2 1
336 80 3 4 19 6 1
276 100 2 5 15 9 1
300 100 8 4 40 9 0
324 100 6 12 32 6 1
348 100 0 11 37 2 0
372 100 3 7 13 2 2
288 120 3 6 20 10 2
312 120 5 10 27 6 0
336 120 6 9 34 9 1
360 120 6 10 24 9 1
276 140 2 11 25 0 1
300 140 0 15 18 9 0
324 140 5 9 25 6 2
348 140 3 7 29 7 0
372 140 3 6 5 8 0
288 160 0 10 7 3 0
312 160 2 7 16 3 2
336 160 5 15 10 2 0
300 180 1 5 16 5 1
324 180 5 14 25 10 1
348 180 1 12 32 10 1
288 80 5 0 40 8 2
312 80 2 15 1 8 1
336 80 5 14 21 4 1
276 100 8 12 23 1 1
300 100 6 8 7 7 0
324 100 4 15 27 5 2
348 100 1 1 2 5 1
372 100 5 12 3 3 1
288 120 1 8 6 4 1
312 120 4 13 14 7 1
336 120 8 1 20 5 1
360 120 4 8 4 2 1
276 140 2 3 18 10 2
300 140 1 7 10 8 0
324 140 6 2 1 3 2
348 140 0 1 26 2 2
372 140 4 0 30 8 2
288 160 6 13 10 1 2
312 160 0 6 31 9 0
336 160 2 9 33 5 2
300 180 2 15 0 5 1
324 180 2 6 29 10 1
348 180 3 10 31 0 1
288 80 2 5 13 10 1
312 80 1 12 29 8 1
336 80 0 1 6 4 1
276 100 1 3 15 0 2
300 100 0 5 3 0 0
324 100 1 8 29 8 2
348 100 0 15 4 0 1
372 100 0 9 26 4 0
288 120 1 2 2 4 0
312 120 1 5 8 9 0
336 120 1 15 3 0 2
360 120 1 2 2 1 0
276 140 1 7 38 8 0
300 140 3 3 8 7 1
324 140 2 11 2 9 2
348 140 1 1 8 1 0
372 140 7 3 8 10 2
288 160 6 8 0 3 2
312 160 7 1 4 4 1
336 160 2 15 1 0 2
300 180 6 14 20 10 2
324 180 5 4 15 7 0
348 180 1 5 37 4 1
288 80 4 10 6 10 2
312 80 8 11 36 1 0
336 80 1 5 32 6 0
276 100 1 5 6 4 0
300 100 4 12 23 8 0
324 100 7 13 20 3 0
348 100 8 7 27 2 0
372 100 0 13 4 7 1
288 120 7 15 29 3 2
312 120 5 13 33 2 1
336 120 7 0 33 9 1
360 120 7 13 29 2 0
276 140 4 15 36 3 1
300 140 8 11 4 7 1
324 140 2 10 30 3 0
348 140 4 7 23 3 2
372 140 5 15 4 8 1
288 160 8 3 13 3 1
312 160 0 2 25 10 0
336 160 6 14 21 1 1
300 180 6 0 23 3 0
324 180 2 3 9 4 1
348 180 2 0 36 5 0
288 80 1 11 16 4 1
312 80 1 15 14 10 0
336 80 1 9 25 0 0
276 100 1 6 33 10 1
300 100 1 2 5 1 1
324 100 7 14 16 4 1
348 100 8 3 12 7 2
372 100 4 14 3 5 2
288 120 3 6 20 2 0
312 120 6 5 10 2 0
336 120 8 1 23 10 0
360 120 5 14 22 5 1
276 140 1 8 33 9 1
300 140 5 9 19 4 1
324 140 6 14 36 4 1
348 140 8 15 39 10 2
372 140 6 5 33 1 2
288 160 8 12 9 6 2
312 160 6 0 17 5 2
336 160 1 14 38 7 1
300 180 4 1 29 3 1
324 180 2 7 10 3 0
348 180 1 11 15 7 1
288 80 5 1 29 10 2
312 80 7 15 20 10 0
336 80 2 5 11 2 1
276 100 4 13 0 0 2
300 100 5 14 15 3 1
324 100 5 3 3 2 2
348 100 8 2 14 8 0
372 100 2 6 33 2 2
288 120 2 7 19 10 2
312 120 5 10 39 5 0
336 120 6 3 23 10 1
360 120 6 7 15 10 2
276 140 2 10 26 10 0
300 140 8 8 22 4 2
324 140 3 6 25 7 0
348 140 8 13 33 2 2
372 140 1 7 7 1 1
288 160 6 2 12 3 0
312 160 5 12 18 4 2
336 160 4 13 38 1 1
300 180 5 3 21 4 2
324 180 6 13 20 3 2
348 180 5 5 11 2 2
288 80 5 1 29 10 2
312 80 7 15 20 10 0
336 80 2 5 11 2 1
276 100 4 13 0 0 2
300 100 5 14 15 3 1
324 100 5 3 3 2 2
348 100 8 2 14 8 0
372 100 2 6 33 2 2
288 120 2 7 19 10 2
312 120 5 10 39 5 0
336 120 6 3 23 10 1
360 120 6 7 15 10 2
276 140 2 10 26 10 0
300 140 8 8 22 4 2
324 140 3 6 25 7 0
348 140 8 13 33 2 2
372 140 1 7 7 1 1
288 160 6 2 12 3 0
312 160 5 12 18 4 2
336 160 4 13 38 1 1
300 180 5 3 21 4 2
324 180 6 13 20 3 2
348 180 5 5 11 2 2
288 80 5 1 29 10 2
312 80 7 15 20 10 0
336 80 2 5 11 2 1
276 100 4 13 0 0 2
300 100 5 14 15 3 1
324 100 5 3 3 2 2
348 100 8 2 14 8 0
372 100 2 6 33 2 2
288 120 2 7 19 10 2
312 120 5 10 39 5 0
336 120 6 3 23 10 1
360 120 6 7 15 10 2
276 140 2 10 26 10 0
300 140 8 8 22 4 2
324 140 3 6 25 7 0
348 140 8 13 33 2 2
372 140 1 7 7 1 1
288 160 6 2 12 3 0
312 160 5 12 18 4 2
336 160 4 13 38 1 1
300 180 5 3 21 4 2
324 180 6 13 20 3 2
348 180 5 5 11 2 2
288 80 5 1 29 10 2
312 80 7 15 20 10 0
336 80 2 5 11 2 1
276 100 4 13 0 0 2
300 100 5 14 15 3 1
324 100 5 3 3 2 2
348 100 8 2 14 8 0
372 100 2 6 33 2 2
288 120 2 7 19 10 2
312 120 5 10 39 5 0
336 120 6 3 23 10 1
360 120 6 7 15 10 2
276 140 2 10 26 10 0
300 140 8 8 22 4 2
324 140 3 6 25 7 0
348 140 8 13 33 2 2
372 140 1 7 7 1 1
288 160 6 2 12 3 0
312 160 5 12 18 4 2
336 160 4 13 38 1 1
300 180 5 3 21 4 2
324 180 6 13 20 3 2
348 180 5 5 11 2 2
288 80 5 1 29 10 2
312 80 7 15 20 10 0
336 80 2 5 11 2 1
276 100 4 13 0 0 2
300 100 5 14 15 3 1
324 100 5 3 3 2 2
348 100 8 2 14 8 0
372 100 2 6 33 2 2
288 120 2 7 19 10 2
312 120 5 10 39 5 0
336 120 6 3 23 10 1
360 120 6 7 15 10 2
276 140 2 10 26 10 0
300 140 8 8 22 4 2
324 140 3 6 25 7 0
348 140 8 13 33 2 2
372 140 1 7 7 1 1
288 160 6 2 12 3 0
312 160 5 12 18 4 2
336 160 4 13 38 1 1
300 180 5 3 21 4 2
324 180 6 13 20 3 2
348 180 5 5 11 2 2
288 80 5 1 29 10 2
312 80 7 15 20 10 0
336 80 2 5 11 2 1
276 100 4 13 0 0 2
300 100 5 14 15 3 1
324 100 5 3 3 2 2
348 100 8 2 14 8 0
372 100 2 6 33 2 2
288 120 2 7 19 10 2
312 120 5 10 39 5 0
336 120 6 3 23 10 1
360 120 6 7 15 10 2
276 140 2 10 26 10 0
300 140 8 8 22 4 2
324 140 3 6 25 7 0
348 140 8 13 33 2 2
372 140 1 7 7 1 1
288 160 6 2 12 3 0
312 160 5 12 18 4 2
336 160 4 13 38 1 1
300 180 5 3 21 4 2
324 180 6 13 20 3 2
348 180 5 5 11 2 2
288 80 5 12 22 1 1
312 80 8 3 24 10 0
336 80 6 12 30 3 1
276 100 4 11 13 4 0
300 100 4 13 3 10 1
324 100 8 2 35 8 0
348 100 0 1 24 7 0
372 100 2 8 23 9 1
288 120 8 14 19 10 0
312 120 4 0 11 8 0
336 120 8 5 2 0 1
360 120 1 13 19 1 0
276 140 6 8 29 7 0
300 140 4 13 26 7 0
324 140 1 1 15 6 1
348 140 2 0 21 1 2
372 140 1 13 17 6 1
288 160 4 12 6 2 1
312 160 0 6 9 6 1
336 160 1 15 21 3 2
300 180 3 9 31 5 2
324 180 8 11 29 7 1
348 180 5 10 35 3 1
288 80 8 7 1 4 1
312 80 7 9 31 10 2
336 80 5 1 35 6 0
276 100 8 6 32 7 1
300 100 6 7 31 5 2
324 100 7 10 17 5 2
348 100 1 8 3 5 1
372 100 4 14 37 9 1
288 120 8 5 5 6 1
312 120 8 5 35 1 2
336 120 0 12 1 1 0
360 120 4 2 13 5 2
276 140 8 0 40 1 0
300 140 6 9 16 7 1
324 140 8 3 31 5 1
348 140 5 4 24 9 2
372 140 7 6 12 3 0
288 160 1 8 8 5 2
312 160 6 13 37 5 2
336 160 2 10 19 8 2
300 180 7 7 16 8 1
324 180 7 6 9 8 1
348 180 3 14 23 2 1
288 80 5 6 1 6 1
312 80 4 10 10 0 1
336 80 4 14 0 4 2
276 100 7 9 27 9 1
300 100 4 3 13 10 1
324 100 5 14 10 2 0
348 100 8 6 29 3 0
372 100 5 0 3 5 1
288 120 8 2 17 4 1
312 120 7 4 25 8 2
336 120 2 6 40 4 1
360 120 6 10 8 1 1
276 140 0 5 29 3 2
300 140 3 12 36 10 0
324 140 8 5 19 8 0
348 140 8 4 31 1 2
372 140 7 11 13 3 1
288 160 7 13 21 1 0
312 160 2 4 24 5 1
336 160 2 11 25 9 2
300 180 7 13 13 6 1
324 180 1 9 35 3 0
348 180 1 13 38 8 2
288 80 7 9 28 3 2
312 80 8 7 12 2 2
336 80 6 0 13 2 0
276 100 1 14 31 7 2
300 100 5 15 32 8 2
324 100 4 10 3 4 2
348 100 3 4 23 5 0
372 100 3 2 7 9 0
288 120 7 2 19 2 0
312 120 7 1 16 2 1
336 120 2 14 26 8 0
360 120 6 1 14 6 1
276 140 2 9 17 0 0
300 140 2 2 24 8 1
324 140 7 14 7 9 0
348 140 0 8 10 5 2
372 140 2 6 1 7 2
288 160 2 7 21 7 0
312 160 7 9 14 4 2
336 160 5 11 38 5 1
300 180 6 4 24 9 2
324 180 2 12 2 0 1
348 180 2 15 5 0 2
288 80 4 10 27 9 1
312 80 6 0 27 6 1
336 80 6 11 25 0 1
276 100 7 11 18 9 0
300 100 7 0 25 5 1
324 100 8 10 12 10 1
348 100 7 5 25 2 0
372 100 6 14 34 5 0
288 120 5 3 20 1 0
312 120 7 14 4 9 0
336 120 0 3 21 7 2
360 120 8 14 8 1 1
276 140 0 8 4 9 0
300 140 0 14 10 7 0
324 140 4 14 11 2 2
348 140 5 11 28 6 1
372 140 3 6 0 10 2
288 160 3 3 35 8 0
312 160 8 11 20 1 0
336 160 4 3 36 5 2
300 180 6 13 0 3 2
324 180 5 5 24 4 0
348 180 2 10 4 1 1
288 80 1 7 36 0 2
312 80 1 7 14 5 1
336 80 1 7 22 2 1
276 100 1 0 33 9 2
300 100 3 13 40 8 0
324 100 7 0 1 0 0
348 100 6 6 18 5 2
372 100 3 2 23 1 2
288 120 4 8 40 7 2
312 120 7 1 39 2 2
336 120 3 4 8 1 0
360 120 4 4 33 3 2
276 140 6 5 9 2 1
300 140 3 3 16 0 1
324 140 7 0 9 9 0
348 140 8 3 13 5 1
372 140 2 8 3 9 2
288 160 1 1 22 2 0
312 160 4 9 12 3 2
336 160 3 15 2 1 2
300 180 4 7 35 7 0
324 180 3 13 36 2 0
348 180 3 3 21 3 2
288 80 7 12 26 2 2
312 80 4 5 26 6 0
336 80 3 8 27 0 0
276 100 1 8 23 8 1
300 100 0 11 6 0 1
324 100 4 1 18 7 1
348 100 4 11 11 10 0
372 100 7 3 34 8 2
288 120 2 3 31 6 2
312 120 3 1 38 5 1
336 120 1 11 4 9 0
360 120 2 10 0 9 0
276 140 8 5 18 5 2
300 140 0 9 4 0 1
324 140 5 12 26 2 2
348 140 5 10 15 0 0
372 140 4 0 25 2 0
288 160 1 1 9 3 0
312 160 1 4 6 3 1
336 160 3 8 16 3 2
300 180 6 1 34 3 1
324 180 1 6 10 5 0
348 180 4 3 40 1 1
288 80 8 5 15 1 1
312 80 6 14 4 8 1
336 80 5 15 35 2 2
276 100 7 0 11 8 0
300 100 0 1 16 0 0
324 100 5 4 20 1 0
348 100 4 3 26 9 2
372 100 5 7 14 1 1
288 120 8 4 14 4 0
312 120 8 15 38 8 2
336 120 3 10 40 9 2
360 120 1 1 22 2 1
276 140 7 9 13 0 1
300 140 1 9 28 0 1
324 140 1 2 17 6 2
348 140 8 4 36 7 0
372 140 3 13 37 9 1
288 160 5 6 0 6 2
312 160 6 2 36 1 0
336 160 4 11 25 3 0
300 180 1 7 26 4 1
324 180 1 15 0 5 0
348 180 2 5 10 7 2
288 80 5 8 35 10 2
312 80 7 7 24 6 2
336 80 5 12 31 9 0
276 100 8 15 31 0 2
300 100 3 9 25 6 1
324 100 1 4 39 10 1
348 100 4 7 5 10 2
372 100 8 4 31 6 0
288 120 1 9 26 7 2
312 120 0 1 25 8 2
336 120 2 14 6 7 0
360 120 3 10 28 10 1
276 140 7 8 20 3 1
300 140 4 0 11 0 1
324 140 6 8 8 10 1
348 140 2 12 6 7 0
372 140 4 12 40 7 1
288 160 4 11 1 9 0
312 160 0 12 35 4 1
336 160 2 1 8 2 0
300 180 4 9 29 3 0
324 180 4 14 1 3 1
348 180 5 13 12 1 0
288 80 5 8 35 10 2
312 80 7 7 24 6 2
336 80 5 12 31 9 0
276 100 8 15 31 0 2
300 100 3 9 25 6 1
324 100 1 4 39 10 1
348 100 4 7 5 10 2
372 100 8 4 31 6 0
288 120 1 9 26 7 2
312 120 0 1 25 8 2
336 120 2 14 6 7 0
360 120 3 10 28 10 1
276 140 7 8 20 3 1
300 140 4 0 11 0 1
324 140 6 8 8 10 1
348 140 2 12 6 7 0
372 140 4 12 40 7 1
288 160 4 11 1 9 0
312 160 0 12 35 4 1
336 160 2 1 8 2 0
300 180 4 9 29 3 0
324 180 4 14 1 3 1
348 180 5 13 12 1 0
288 80 5 8 35 10 2
312 80 7 7 24 6 2
336 80 5 12 31 9 0
276 100 8 15 31 0 2
300 100 3 9 25 6 1
324 100 1 4 39 10 1
348 100 4 7 5 10 2
372 100 8 4 31 6 0
288 120 1 9 26 7 2
312 120 0 1 25 8 2
336 120 2 14 6 7 0
360 120 3 10 28 10 1
276 140 7 8 20 3 1
300 140 4 0 11 0 1
324 140 6 8 8 10 1
348 140 2 12 6 7 0
372 140 4 12 40 7 1
288 160 4 11 1 9 0
312 160 0 12 35 4 1
336 160 2 1 8 2 0
300 180 4 9 29 3 0
324 180 4 14 1 3 1
348 180 5 13 12 1 0
288 80 5 8 35 10 2
312 80 7 7 24 6 2
336 80 5 12 31 9 0
276 100 8 15 31 0 2
300 100 3 9 25 6 1
324 100 1 4 39 10 1
348 100 4 7 5 10 2
372 100 8 4 31 6 0
288 120 1 9 26 7 2
312 120 0 1 25 8 2
336 120 2 14 6 7 0
360 120 3 10 28 10 1
276 140 7 8 20 3 1
300 140 4 0 11 0 1
324 140 6 8 8 10 1
348 140 2 12 6 7 0
372 140 4 12 40 7 1
288 160 4 11 1 9 0
312 160 0 12 35 4 1
336 160 2 1 8 2 0
300 180 4 9 29 3 0
324 180 4 14 1 3 1
348 180 5 13 12 1 0
288 80 5 8 35 10 2
312 80 7 7 24 6 2
336 80 5 12 31 9 0
276 100 8 15 31 0 2
300 100 3 9 25 6 1
324 100 1 4 39 10 1
348 100 4 7 5 10 2
372 100 8 4 31 6 0
288 120 1 9 26 7 2
312 120 0 1 25 8 2
336 120 2 14 6 7 0
360 120 3 10 28 10 1
276 140 7 8 20 3 1
300 140 4 0 11 0 1
324 140 6 8 8 10 1
348 140 2 12 6 7 0
372 140 4 12 40 7 1
288 160 4 11 1 9 0
312 160 0 12 35 4 1
336 160 2 1 8 2 0
300 180 4 9 29 3 0
324 180 4 14 1 3 1
348 180 5 13 12 1 0
288 80 1 5 27 10 1
312 80 1 9 18 9 1
336 80 1 6 7 9 0
276 100 1 1 13 8 0
300 100 1 2 27 0 1
324 100 1 6 3 10 1
348 100 1 1 12 4 1
372 100 6 14 22 1 0
288 120 7 0 23 5 1
312 120 6 13 12 6 1
336 120 4 14 12 5 1
360 120 6 0 22 4 1
276 140 5 14 27 0 1
300 140 5 8 8 2 1
324 140 5 6 21 2 2
348 140 7 9 28 2 0
372 140 4 8 23 4 1
288 160 5 9 2 9 1
312 160 5 5 10 1 1
336 160 6 8 12 7 1
300 180 6 4 22 3 1
324 180 6 11 4 4 2
348 180 8 8 2 5 0
288 80 4 5 27 10 1
312 80 5 9 18 9 1
336 80 5 6 7 9 0
276 100 4 1 13 8 0
300 100 4 2 27 0 1
324 100 7 6 3 10 1
348 100 5 1 12 4 1
372 100 6 14 22 1 0
288 120 7 0 23 5 1
312 120 6 13 12 6 1
336 120 4 14 12 5 1
360 120 6 0 22 4 1
276 140 5 14 27 0 1
300 140 5 8 8 9 1
324 140 5 6 21 2 2
348 140 7 9 28 9 0
372 140 4 12 33 8 2
288 160 0 11 2 9 2
312 160 5 5 10 1 2
336 160 2 8 30 7 1
300 180 6 4 22 3 1
324 180 6 11 4 4 2
348 180 8 8 2 5 0
288 80 6 8 21 3 1
312 80 0 10 2 0 2
336 80 8 4 24 1 0
276 100 5 7 14 10 0
300 100 3 1 27 8 0
324 100 4 10 22 7 2
348 100 2 14 35 0 0
372 100 1 6 19 5 1
288 120 4 15 0 7 0
312 120 8 8 16 0 2
336 120 4 14 32 3 2
360 120 4 12 19 4 2
276 140 8 13 25 7 1
300 140 2 13 11 5 2
324 140 6 10 7 7 2
348 140 0 15 19 2 1
372 140 3 15 30 2 0
288 160 8 1 11 2 0
312 160 0 2 29 5 1
336 160 3 6 13 10 2
300 180 1 13 40 3 0
324 180 2 11 24 6 1
348 180 2 4 28 8 0
288 80 8 2 17 10 2
312 80 1 14 40 8 1
336 80 3 10 21 1 2
276 100 7 2 16 10 1
300 100 6 11 29 7 0
324 100 2 7 27 7 2
348 100 3 3 6 3 0
372 100 3 0 29 5 1
288 120 8 14 2 0 0
312 120 7 4 8 3 1
336 120 0 11 26 8 2
360 120 0 2 21 6 1
276 140 5 5 15 3 1
300 140 3 6 32 0 1
324 140 4 6 8 5 2
348 140 1 5 16 10 0
372 140 3 7 39 3 2
288 160 4 13 34 3 0
312 160 2 0 36 0 2
336 160 1 13 9 7 2
300 180 2 0 13 10 2
324 180 3 8 21 10 1
348 180 3 11 39 1 2
288 80 4 0 27 5 0
312 80 4 3 27 1 0
336 80 5 12 23 9 2
276 100 6 10 13 10 0
300 100 6 1 29 4 0
324 100 4 15 28 6 0
348 100 2 2 22 9 1
372 100 8 13 26 2 0
288 120 7 15 1 0 2
312 120 5 15 32 1 1
336 120 5 5 38 4 0
360 120 1 14 22 7 0
276 140 5 15 28 6 0
300 140 5 6 20 5 1
324 140 4 10 32 4 0
348 140 2 10 34 9 0
372 140 7 8 22 10 0
288 160 6 9 36 8 0
312 160 7 0 24 10 1
336 160 2 3 14 3 0
300 180 3 15 24 4 0
324 180 4 14 27 2 1
348 180 3 10 19 4 0
288 80 6 4 14 7 1
312 80 5 2 7 8 0
336 80 2 5 8 8 1
276 100 1 11 34 9 0
300 100 0 6 16 4 2
324 100 4 8 28 6 0
348 100 5 6 27 8 1
372 100 8 2 0 6 2
288 120 0 2 29 2 2
312 120 5 9 40 1 0
336 120 8 11 6 4 0
360 120 8 6 3 0 0
276 140 8 7 25 0 2
300 140 8 10 5 2 0
324 140 2 14 40 8 0
348 140 5 4 8 7 2
372 140 0 14 11 4 0
288 160 5 12 12 3 1
312 160 7 5 16 0 1
336 160 8 7 31 5 2
300 180 2 11 18 10 2
324 180 1 6 27 1 0
348 180 7 12 31 10 2
288 80 4 13 23 2 1
312 80 5 9 25 9 2
336 80 8 5 12 3 1
276 100 2 2 12 8 2
300 100 4 14 14 1 1
324 100 8 12 2 1 0
348 100 4 10 24 9 1
372 100 8 13 31 1 1
288 120 7 8 31 4 0
312 120 4 6 11 6 1
336 120 8 15 13 3 0
360 120 5 0 29 4 0
276 140 7 6 16 8 1
300 140 6 12 20 6 0
324 140 8 9 18 6 1
348 140 3 4 12 9 1
372 140 3 1 6 2 1
288 160 5 3 28 5 1
312 160 7 9 23 10 1
336 160 4 13 28 7 0
300 180 4 12 9 2 1
324 180 4 3 0 10 0
348 180 5 9 12 2 1
288 80 4 13 23 2 1
312 80 5 9 25 9 2
336 80 8 5 12 3 1
276 100 2 2 12 8 2
300 100 4 14 14 1 1
324 100 8 12 2 1 0
348 100 4 10 24 9 1
372 100 8 13 31 1 1
288 120 7 8 31 4 0
312 120 4 6 11 6 1
336 120 8 15 13 3 0
360 120 5 0 29 4 0
276 140 7 6 16 8 1
300 140 6 12 20 6 0
324 140 8 9 18 6 1
348 140 3 4 12 9 1
372 140 3 1 6 2 1
288 160 5 3 28 5 1
312 160 7 9 23 10 1
336 160 4 13 28 7 0
300 180 4 12 9 2 1
324 180 4 3 0 10 0
348 180 5 9 12 2 1
