420 140 1 6 24 7 1
408 160 0 15 29 7 1
432 160 1 3 1 1 1
396 180 1 1 36 0 2
420 180 1 6 4 7 2
408 200 1 11 19 5 0
432 200 1 11 18 5 2
348 220 1 11 22 10 0
372 220 2 2 13 7 0
396 220 1 4 9 9 0
420 220 1 3 38 5 0
444 220 1 2 12 6 0
468 220 1 2 35 3 0
336 240 2 3 36 3 2
360 240 1 13 3 6 2
384 240 1 4 23 1 0
408 240 1 10 32 0 1
432 240 1 10 8 0 2
456 240 1 9 15 4 1
324 260 8 0 31 4 2
444 260 4 7 11 7 1
420 140 2 1 22 8 2
408 160 1 14 0 7 1
432 160 4 15 5 8 2
396 180 1 12 37 2 1
420 180 3 4 19 6 1
408 200 2 5 15 9 1
432 200 8 4 40 9 0
348 220 6 12 32 6 1
372 220 0 11 37 2 0
396 220 3 7 13 2 2
420 220 3 6 20 10 2
444 220 5 10 27 6 0
468 220 6 9 34 9 1
336 240 6 10 24 9 1
360 240 2 11 25 0 1
384 240 0 15 18 9 0
408 240 5 9 25 6 2
432 240 3 7 29 7 0
456 240 3 6 5 8 0
324 260 0 10 7 3 0
444 260 2 7 16 3 2
420 140 2 1 22 8 2
408 160 1 14 0 7 1
432 160 4 15 5 8 2
396 180 1 12 37 2 1
420 180 3 4 19 6 1
408 200 2 5 15 9 1
432 200 8 4 40 9 0
348 220 6 12 32 6 1
372 220 0 11 37 2 0
396 220 3 7 13 2 2
420 220 3 6 20 10 2
444 220 5 10 27 6 0
468 220 6 9 34 9 1
336 240 6 10 24 9 1
360 240 2 11 25 0 1
384 240 0 15 18 9 0
408 240 5 9 25 6 2
432 240 3 7 29 7 0
456 240 3 6 5 8 0
324 260 0 10 7 3 0
444 260 2 7 16 3 2
420 140 2 1 22 8 2
408 160 1 14 0 7 1
432 160 4 15 5 8 2
396 180 1 12 37 2 1
420 180 3 4 19 6 1
408 200 2 5 15 9 1
432 200 8 4 40 9 0
348 220 6 12 32 6 1
372 220 0 11 37 2 0
396 220 3 7 13 2 2
420 220 3 6 20 10 2
444 220 5 10 27 6 0
468 220 6 9 34 9 1
336 240 6 10 24 9 1
360 240 2 11 25 0 1
384 240 0 15 18 9 0
408 240 5 9 25 6 2
432 240 3 7 29 7 0
456 240 3 6 5 8 0
324 260 0 10 7 3 0
444 260 2 7 16 3 2
420 140 5 9 36 2 2
408 160 5 6 8 9 2
432 160 2 13 38 6 0
396 180 8 1 27 6 1
420 180 8 2 7 8 0
408 200 0 14 5 8 1
432 200 8 10 32 1 1
348 220 2 1 17 4 2
372 220 5 0 40 8 2
396 220 2 15 1 8 1
420 220 5 14 21 4 1
444 220 8 12 23 1 1
468 220 6 8 7 7 0
336 240 4 15 27 5 2
360 240 1 1 2 5 1
384 240 5 12 3 3 1
408 240 1 8 6 4 1
432 240 4 13 14 7 1
456 240 8 1 20 5 1
324 260 4 8 4 2 1
444 260 2 3 18 10 2
420 140 5 9 36 2 2
408 160 5 6 8 9 2
432 160 2 13 38 6 0
396 180 8 1 27 6 1
420 180 8 2 7 8 0
408 200 0 14 5 8 1
432 200 8 10 32 1 1
348 220 2 1 17 4 2
372 220 5 0 40 8 2
396 220 2 15 1 8 1
420 220 5 14 21 4 1
444 220 8 12 23 1 1
468 220 6 8 7 7 0
336 240 4 15 27 5 2
360 240 1 1 2 5 1
384 240 5 12 3 3 1
408 240 1 8 6 4 1
432 240 4 13 14 7 1
456 240 8 1 20 5 1
324 260 4 8 4 2 1
444 260 2 3 18 10 2
420 140 1 2 2 1 0
408 160 1 7 38 8 0
432 160 1 3 8 7 1
396 180 1 11 2 9 2
420 180 1 1 8 1 0
408 200 1 3 8 10 2
432 200 1 8 0 3 2
348 220 1 1 4 4 1
372 220 1 15 1 0 2
396 220 1 14 20 10 2
420 220 1 4 15 7 0
444 220 1 5 37 4 1
468 220 1 10 6 10 2
336 240 1 11 36 1 0
360 240 5 5 32 6 0
384 240 5 5 6 4 0
408 240 5 12 23 8 0
432 240 5 13 20 3 0
456 240 5 7 27 2 0
324 260 0 13 4 7 1
444 260 7 15 29 3 2
420 140 1 13 33 2 1
408 160 1 0 33 9 1
432 160 1 13 29 2 0
396 180 1 15 36 3 1
420 180 1 11 4 7 1
408 200 1 10 30 3 0
432 200 1 7 23 3 2
348 220 1 15 4 8 1
372 220 1 3 13 3 1
396 220 1 2 25 10 0
420 220 1 14 21 1 1
444 220 1 0 23 3 0
468 220 1 3 9 4 1
336 240 1 0 36 5 0
360 240 1 11 16 4 1
384 240 1 15 14 10 0
408 240 1 9 25 0 0
432 240 1 6 33 10 1
456 240 1 2 5 1 1
324 260 1 14 16 4 1
444 260 1 3 12 7 2
420 140 1 2 2 1 0
408 160 1 7 38 8 0
432 160 1 3 8 7 1
396 180 1 11 2 9 2
420 180 1 1 8 1 0
408 200 1 3 8 10 2
432 200 1 8 0 3 2
348 220 1 1 4 4 1
372 220 1 15 1 0 2
396 220 1 14 20 10 2
420 220 1 4 15 7 0
444 220 1 5 37 4 1
468 220 1 10 6 10 2
336 240 1 11 36 1 0
360 240 5 5 32 6 0
384 240 5 5 6 4 0
408 240 5 12 23 8 0
432 240 5 13 20 3 0
456 240 5 7 27 2 0
324 260 0 13 4 7 1
444 260 7 15 29 3 2
420 140 1 2 2 1 0
408 160 1 7 38 8 0
432 160 1 3 8 7 1
396 180 1 11 2 9 2
420 180 1 1 8 1 0
408 200 1 3 8 10 2
432 200 1 8 0 3 2
348 220 1 1 4 4 1
372 220 1 15 1 0 2
396 220 1 14 20 10 2
420 220 1 4 15 7 0
444 220 1 5 37 4 1
468 220 1 10 6 10 2
336 240 1 11 36 1 0
360 240 5 5 32 6 0
384 240 5 5 6 4 0
408 240 5 12 23 8 0
432 240 5 13 20 3 0
456 240 5 7 27 2 0
324 260 0 13 4 7 1
444 260 7 15 29 3 2
420 140 1 12 34 8 1
408 160 7 6 34 7 2
432 160 0 13 37 2 2
396 180 2 6 26 5 2
420 180 5 4 15 10 2
408 200 2 14 18 1 2
432 200 8 4 1 8 1
348 220 1 14 12 4 0
372 220 4 3 26 3 1
396 220 6 9 30 9 2
420 220 7 1 3 8 0
444 220 1 6 28 1 0
468 220 5 14 3 2 2
336 240 2 10 39 4 0
360 240 1 1 22 2 1
384 240 0 14 15 2 0
408 240 2 4 4 6 2
432 240 2 3 3 9 2
456 240 8 10 15 5 0
324 260 6 10 0 1 1
444 260 7 14 22 7 2
420 140 1 12 34 8 1
408 160 7 6 34 7 2
432 160 0 13 37 2 2
396 180 2 6 26 5 2
420 180 5 4 15 10 2
408 200 2 14 18 1 2
432 200 8 4 1 8 1
348 220 1 14 12 4 0
372 220 4 3 26 3 1
396 220 6 9 30 9 2
420 220 7 1 3 8 0
444 220 1 6 28 1 0
468 220 5 14 3 2 2
336 240 2 10 39 4 0
360 240 1 1 22 2 1
384 240 0 14 15 2 0
408 240 2 4 4 6 2
432 240 2 3 3 9 2
456 240 8 10 15 5 0
324 260 6 10 0 1 1
444 260 7 14 22 7 2
420 140 1 3 18 2 1
408 160 1 1 10 0 1
432 160 1 13 9 3 0
396 180 1 5 21 0 1
420 180 1 4 10 5 1
408 200 1 15 19 9 0
432 200 1 12 20 10 1
348 220 1 7 6 10 0
372 220 1 0 26 5 1
396 220 1 0 10 0 1
420 220 1 0 24 2 0
444 220 1 3 5 9 0
468 220 1 11 12 5 1
336 240 1 14 23 3 1
360 240 1 13 12 2 0
384 240 1 4 25 4 1
408 240 6 13 17 7 0
432 240 8 0 12 0 2
456 240 3 9 5 0 0
324 260 7 7 24 6 1
444 260 1 10 31 8 0
420 140 1 9 23 3 2
408 160 1 1 31 4 2
432 160 3 11 32 8 0
396 180 1 15 1 9 0
420 180 0 1 16 6 1
408 200 1 13 37 6 1
432 200 1 8 23 8 1
348 220 1 14 1 4 0
372 220 1 4 12 4 2
396 220 1 7 1 9 0
420 220 1 3 37 9 2
444 220 1 12 24 10 2
468 220 1 10 19 10 2
336 240 1 6 6 9 1
360 240 1 1 36 9 2
384 240 2 11 31 5 1
408 240 1 6 0 0 1
432 240 3 1 30 5 1
456 240 3 9 18 6 1
324 260 5 3 25 0 1
444 260 5 4 28 1 2
420 140 1 2 26 0 1
408 160 0 0 11 5 2
432 160 0 6 17 0 1
396 180 8 13 15 0 0
420 180 6 8 35 7 1
408 200 6 15 7 2 2
432 200 4 3 8 10 0
348 220 0 13 35 2 0
372 220 4 1 1 5 2
396 220 7 8 26 3 2
420 220 6 10 6 0 1
444 220 3 8 7 4 2
468 220 4 6 17 6 2
336 240 0 10 1 10 0
360 240 2 1 40 3 0
384 240 8 8 8 1 1
408 240 3 9 34 2 0
432 240 4 1 5 2 0
456 240 6 6 34 4 0
324 260 6 10 13 3 2
444 260 0 12 28 8 0
420 140 1 2 26 0 1
408 160 0 0 11 5 2
432 160 0 6 17 0 1
396 180 8 13 15 0 0
420 180 6 8 35 7 1
408 200 6 15 7 2 2
432 200 4 3 8 10 0
348 220 0 13 35 2 0
372 220 4 1 1 5 2
396 220 7 8 26 3 2
420 220 6 10 6 0 1
444 220 3 8 7 4 2
468 220 4 6 17 6 2
336 240 0 10 1 10 0
360 240 2 1 40 3 0
384 240 8 8 8 1 1
408 240 3 9 34 2 0
432 240 4 1 5 2 0
456 240 6 6 34 4 0
324 260 6 10 13 3 2
444 260 0 12 28 8 0
420 140 1 2 26 0 1
408 160 0 0 11 5 2
432 160 0 6 17 0 1
396 180 8 13 15 0 0
420 180 6 8 35 7 1
408 200 6 15 7 2 2
432 200 4 3 8 10 0
348 220 0 13 35 2 0
372 220 4 1 1 5 2
396 220 7 8 26 3 2
420 220 6 10 6 0 1
444 220 3 8 7 4 2
468 220 4 6 17 6 2
336 240 0 10 1 10 0
360 240 2 1 40 3 0
384 240 8 8 8 1 1
408 240 3 9 34 2 0
432 240 4 1 5 2 0
456 240 6 6 34 4 0
324 260 6 10 13 3 2
444 260 0 12 28 8 0
420 140 8 0 40 1 0
408 160 6 9 16 7 1
432 160 8 3 31 5 1
396 180 5 4 24 9 2
420 180 7 6 12 3 0
408 200 1 8 8 5 2
432 200 6 13 37 5 2
348 220 2 10 19 8 2
372 220 7 7 16 8 1
396 220 7 6 9 8 1
420 220 3 14 23 2 1
444 220 0 6 1 6 2
468 220 2 10 10 0 1
336 240 4 14 0 4 2
360 240 7 9 27 9 1
384 240 4 3 13 10 1
408 240 5 14 10 2 0
432 240 8 6 29 3 0
456 240 3 0 3 5 2
324 260 8 2 17 4 2
444 260 7 4 25 8 2
420 140 2 6 40 4 1
408 160 6 10 8 1 1
432 160 0 5 29 3 2
396 180 3 12 36 10 0
420 180 8 5 19 8 0
408 200 8 4 31 1 2
432 200 7 11 13 3 1
348 220 7 13 21 1 0
372 220 2 4 24 5 1
396 220 2 11 25 9 2
420 220 7 13 13 6 1
444 220 1 9 35 3 0
468 220 1 13 38 8 2
336 240 7 9 28 3 2
360 240 8 7 12 2 2
384 240 6 0 13 2 0
408 240 1 14 31 7 2
432 240 5 15 32 8 2
456 240 4 10 3 4 2
324 260 3 4 23 5 0
444 260 3 2 7 9 0
420 140 7 2 19 2 0
408 160 7 1 16 2 1
432 160 2 14 26 8 0
396 180 6 1 14 6 1
420 180 2 9 17 0 0
408 200 2 2 24 8 1
432 200 7 14 7 9 0
348 220 0 8 10 5 2
372 220 2 6 1 7 2
396 220 2 7 21 7 0
420 220 7 9 14 4 2
444 220 5 11 38 5 1
468 220 6 4 24 9 2
336 240 2 12 2 0 1
360 240 2 15 5 0 2
384 240 1 10 39 9 1
408 240 6 0 27 6 2
432 240 1 11 25 0 2
456 240 7 11 18 9 0
324 260 7 0 38 5 1
444 260 8 10 12 10 1
420 140 7 5 25 2 0
408 160 6 14 34 5 0
432 160 5 3 20 1 0
396 180 7 14 4 9 0
420 180 0 3 21 7 2
408 200 8 14 8 1 1
432 200 0 8 4 9 0
348 220 0 14 10 7 0
372 220 4 14 11 2 2
396 220 5 11 28 6 1
420 220 3 6 0 10 2
444 220 3 3 35 8 0
468 220 8 11 20 1 0
336 240 4 3 36 5 2
360 240 6 13 0 3 2
384 240 1 5 24 4 0
408 240 2 10 4 1 1
432 240 6 7 36 0 2
456 240 6 7 14 5 1
324 260 5 7 22 2 1
444 260 8 0 33 9 2
420 140 7 5 25 2 0
408 160 6 14 34 5 0
432 160 5 3 20 1 0
396 180 7 14 4 9 0
420 180 0 3 21 7 2
408 200 8 14 8 1 1
432 200 0 8 4 9 0
348 220 0 14 10 7 0
372 220 4 14 11 2 2
396 220 5 11 28 6 1
420 220 3 6 0 10 2
444 220 3 3 35 8 0
468 220 8 11 20 1 0
336 240 4 3 36 5 2
360 240 6 13 0 3 2
384 240 1 5 24 4 0
408 240 2 10 4 1 1
432 240 6 7 36 0 2
456 240 6 7 14 5 1
324 260 5 7 22 2 1
444 260 8 0 33 9 2
420 140 3 8 27 0 0
408 160 1 8 23 8 1
432 160 0 11 6 0 1
396 180 4 1 18 7 1
420 180 4 11 11 10 0
408 200 7 3 34 8 2
432 200 2 3 31 6 2
348 220 3 1 38 5 1
372 220 1 11 4 9 0
396 220 2 10 0 9 0
420 220 8 5 18 5 2
444 220 0 9 4 0 1
468 220 5 12 26 2 2
336 240 5 10 15 0 0
360 240 4 0 25 2 0
384 240 1 1 9 3 0
408 240 1 4 6 3 1
432 240 3 8 16 3 2
456 240 6 1 34 3 1
324 260 1 6 10 5 0
444 260 4 3 40 1 1
420 140 8 5 15 1 1
408 160 6 14 4 8 1
432 160 5 15 35 2 2
396 180 7 0 11 8 0
420 180 0 1 16 0 0
408 200 5 4 20 1 0
432 200 4 3 26 9 2
348 220 5 7 14 1 1
372 220 8 4 14 4 0
396 220 8 15 38 8 2
420 220 3 10 40 9 2
444 220 1 1 22 2 1
468 220 7 9 13 0 1
336 240 1 9 28 0 1
360 240 1 2 17 6 2
384 240 8 4 36 7 0
408 240 3 13 37 9 1
432 240 5 6 0 6 2
456 240 6 2 36 1 0
324 260 4 11 25 3 0
444 260 1 7 26 4 1
420 140 5 15 0 5 0
408 160 5 5 10 7 1
432 160 5 8 35 10 1
396 180 5 7 24 6 1
420 180 5 12 12 9 0
408 200 5 15 13 0 1
432 200 3 9 25 6 1
348 220 5 4 12 10 1
372 220 5 7 5 10 1
396 220 5 4 23 6 0
420 220 5 9 26 7 1
444 220 0 1 25 8 1
468 220 2 14 6 7 0
336 240 3 10 28 10 1
360 240 1 8 20 3 1
384 240 1 0 11 0 1
408 240 1 8 8 10 1
432 240 2 12 6 7 0
456 240 1 12 40 7 1
324 260 1 11 1 9 0
444 260 0 12 35 4 1
420 140 2 1 8 2 0
408 160 5 9 29 3 0
432 160 4 14 1 3 1
396 180 5 13 12 1 0
420 180 0 12 34 4 1
408 200 3 13 29 9 2
432 200 2 9 5 9 1
348 220 1 10 10 2 0
372 220 6 5 39 6 2
396 220 8 1 15 4 1
420 220 0 5 11 1 0
444 220 2 4 12 1 2
468 220 8 8 6 1 2
336 240 5 12 36 1 1
360 240 5 5 26 9 1
384 240 5 1 4 2 1
408 240 7 13 26 7 2
432 240 8 10 13 5 0
456 240 7 0 29 9 1
324 260 3 0 7 5 2
444 260 6 8 12 8 2
420 140 2 1 8 2 0
408 160 5 9 29 3 0
432 160 4 14 1 3 1
396 180 5 13 12 1 0
420 180 0 12 34 4 1
408 200 3 13 29 9 2
432 200 2 9 5 9 1
348 220 1 10 10 2 0
372 220 6 5 39 6 2
396 220 8 1 15 4 1
420 220 0 5 11 1 0
444 220 2 4 12 1 2
468 220 8 8 6 1 2
336 240 5 12 36 1 1
360 240 5 5 26 9 1
384 240 5 1 4 2 1
408 240 7 13 26 7 2
432 240 8 10 13 5 0
456 240 7 0 29 9 1
324 260 3 0 7 5 2
444 260 6 8 12 8 2
420 140 2 1 8 2 0
408 160 5 9 29 3 0
432 160 4 14 1 3 1
396 180 5 13 12 1 0
420 180 0 12 34 4 1
408 200 3 13 29 9 2
432 200 2 9 5 9 1
348 220 1 10 10 2 0
372 220 6 5 39 6 2
396 220 8 1 15 4 1
420 220 0 5 11 1 0
444 220 2 4 12 1 2
468 220 8 8 6 1 2
336 240 5 12 36 1 1
360 240 5 5 26 9 1
384 240 5 1 4 2 1
408 240 7 13 26 7 2
432 240 8 10 13 5 0
456 240 7 0 29 9 1
324 260 3 0 7 5 2
444 260 6 8 12 8 2
420 140 2 1 8 2 0
408 160 5 9 29 3 0
432 160 4 14 1 3 1
396 180 5 13 12 1 0
420 180 0 12 34 4 1
408 200 3 13 29 9 2
432 200 2 9 5 9 1
348 220 1 10 10 2 0
372 220 6 5 39 6 2
396 220 8 1 15 4 1
420 220 0 5 11 1 0
444 220 2 4 12 1 2
468 220 8 8 6 1 2
336 240 5 12 36 1 1
360 240 5 5 26 9 1
384 240 5 1 4 2 1
408 240 7 13 26 7 2
432 240 8 10 13 5 0
456 240 7 0 29 9 1
324 260 3 0 7 5 2
444 260 6 8 12 8 2
420 140 2 1 8 2 0
408 160 5 9 29 3 0
432 160 4 14 1 3 1
396 180 5 13 12 1 0
420 180 0 12 34 4 1
408 200 3 13 29 9 2
432 200 2 9 5 9 1
348 220 1 10 10 2 0
372 220 6 5 39 6 2
396 220 8 1 15 4 1
420 220 0 5 11 1 0
444 220 2 4 12 1 2
468 220 8 8 6 1 2
336 240 5 12 36 1 1
360 240 5 5 26 9 1
384 240 5 1 4 2 1
408 240 7 13 26 7 2
432 240 8 10 13 5 0
456 240 7 0 29 9 1
324 260 3 0 7 5 2
444 260 6 8 12 8 2
420 140 3 13 12 6 1
408 160 5 14 23 5 1
432 160 5 0 22 4 1
396 180 5 14 27 0 1
420 180 5 8 8 9 1
408 200 5 6 21 2 2
432 200 7 9 28 9 0
348 220 4 12 12 8 1
372 220 6 11 2 9 1
396 220 5 5 10 1 1
420 220 8 8 23 7 1
444 220 6 4 22 3 1
468 220 6 11 4 4 1
336 240 8 8 2 5 0
360 240 2 5 35 1 0
384 240 8 4 28 9 0
408 240 6 0 12 5 2
432 240 5 8 14 9 0
456 240 0 14 9 7 2
324 260 8 0 33 3 1
444 260 8 7 4 7 2
420 140 2 1 8 2 0
408 160 5 9 29 3 0
432 160 4 14 1 3 1
396 180 5 13 12 1 0
420 180 7 12 3 4 1
408 200 3 13 29 9 1
432 200 5 9 5 9 1
348 220 5 10 10 2 0
372 220 6 5 39 6 2
396 220 8 1 15 4 1
420 220 5 5 11 1 0
444 220 5 4 12 1 1
468 220 8 8 6 1 1
336 240 1 12 36 1 1
360 240 1 5 26 9 1
384 240 1 1 4 2 1
408 240 1 13 26 7 1
432 240 1 10 13 5 0
456 240 1 0 29 9 1
324 260 1 0 7 5 1
444 260 1 8 12 8 2
420 140 2 1 8 2 0
408 160 5 9 29 3 0
432 160 4 14 1 3 1
396 180 5 13 12 1 0
420 180 7 12 3 4 1
408 200 3 13 29 9 1
432 200 5 9 5 9 1
348 220 5 10 10 2 0
372 220 6 5 39 6 2
396 220 8 1 15 4 1
420 220 5 5 11 1 0
444 220 5 4 12 1 1
468 220 8 8 6 1 1
336 240 1 12 36 1 1
360 240 1 5 26 9 1
384 240 1 1 4 2 1
408 240 1 13 26 7 1
432 240 1 10 13 5 0
456 240 1 0 29 9 1
324 260 1 0 7 5 1
444 260 1 8 12 8 2
420 140 7 2 16 10 1
408 160 6 11 29 7 0
432 160 2 7 27 7 2
396 180 3 3 6 3 0
420 180 3 0 29 5 1
408 200 8 14 2 0 0
432 200 7 4 8 3 1
348 220 0 11 26 8 2
372 220 0 2 21 6 1
396 220 5 5 15 3 1
420 220 3 6 32 0 1
444 220 4 6 8 5 2
468 220 1 5 16 10 0
336 240 3 7 39 3 2
360 240 4 13 34 3 0
384 240 2 0 36 0 2
408 240 1 13 9 7 2
432 240 2 0 13 10 2
456 240 3 8 21 10 1
324 260 3 11 39 1 2
444 260 1 0 34 5 0
420 140 2 1 8 2 0
408 160 5 9 29 3 0
432 160 4 14 1 3 1
396 180 5 13 12 1 0
420 180 7 12 3 4 1
408 200 3 13 29 9 1
432 200 5 9 5 9 1
348 220 5 10 10 2 0
372 220 6 5 39 6 2
396 220 8 1 15 4 1
420 220 5 5 11 1 0
444 220 5 4 12 1 1
468 220 8 8 6 1 1
336 240 1 12 36 1 1
360 240 1 5 26 9 1
384 240 1 1 4 2 1
408 240 1 13 26 7 1
432 240 1 10 13 5 0
456 240 1 0 29 9 1
324 260 1 0 7 5 1
444 260 1 8 12 8 2
