360 40 3 10 14 3 1
384 40 5 4 40 2 1
408 40 8 9 23 10 2
324 60 2 1 19 0 2
348 60 4 14 9 4 0
372 60 7 13 7 5 1
396 60 7 3 14 2 2
420 60 0 10 24 7 0
360 80 7 6 36 8 2
384 80 5 14 35 7 2
360 40 2 4 37 3 1
384 40 6 0 27 5 1
408 40 3 15 14 5 0
324 60 6 3 4 5 2
348 60 5 11 25 7 1
372 60 8 5 36 4 1
396 60 8 12 34 8 0
420 60 6 10 1 7 0
360 80 6 3 8 4 2
384 80 4 13 30 4 1
360 40 8 6 4 4 1
384 40 2 14 11 1 1
408 40 8 15 19 8 2
324 60 1 6 9 0 2
348 60 8 7 18 10 0
372 60 0 4 16 4 2
396 60 1 14 27 9 1
420 60 4 6 34 2 2
360 80 6 3 1 2 0
384 80 7 6 6 9 0
360 40 2 11 5 3 0
384 40 5 5 28 9 2
408 40 8 9 39 3 2
324 60 1 14 28 2 1
348 60 0 3 24 8 1
372 60 7 12 30 2 2
396 60 4 10 5 4 2
420 60 7 4 8 1 1
360 80 4 14 12 8 1
384 80 5 14 6 7 1
360 40 5 7 24 1 1
384 40 7 10 29 7 2
408 40 8 6 33 5 0
324 60 3 5 29 0 1
348 60 1 0 17 1 2
372 60 8 7 15 1 1
396 60 4 11 19 3 0
420 60 1 15 22 8 0
360 80 1 10 28 8 1
384 80 8 3 39 2 1
360 40 0 11 14 10 2
384 40 2 9 9 2 0
408 40 5 0 4 9 2
324 60 7 2 30 9 2
348 60 6 12 17 2 1
372 60 0 12 3 8 0
396 60 4 14 39 3 2
420 60 5 3 40 4 2
360 80 8 12 8 2 1
384 80 8 6 13 0 2
360 40 3 10 3 5 0
384 40 6 10 21 10 2
408 40 6 12 31 2 2
324 60 0 12 27 10 1
348 60 5 5 31 6 0
372 60 6 11 15 5 1
396 60 3 8 13 8 1
420 60 5 14 20 0 1
360 80 5 1 15 4 2
384 80 0 10 30 4 1
360 40 6 10 0 0 0
384 40 2 11 34 1 2
408 40 3 3 24 1 1
324 60 4 0 14 4 0
348 60 0 0 26 2 2
372 60 6 6 24 0 0
396 60 0 11 15 8 0
420 60 6 0 31 10 1
360 80 0 11 12 2 2
384 80 1 8 1 1 0
360 40 6 1 34 9 0
384 40 8 11 31 8 2
408 40 8 10 2 1 1
324 60 6 7 24 3 0
348 60 7 3 6 10 1
372 60 2 15 40 10 2
396 60 1 6 28 1 0
420 60 6 7 14 10 0
360 80 8 12 36 3 2
384 80 8 6 40 10 2
360 40 8 0 14 10 0
384 40 7 15 36 5 1
408 40 2 7 0 7 0
324 60 7 14 20 6 0
348 60 5 8 12 2 1
372 60 7 14 26 7 1
396 60 8 6 33 6 0
420 60 7 4 0 4 1
360 80 1 0 18 2 0
384 80 2 15 15 2 0
360 40 7 12 16 7 1
384 40 1 5 18 5 2
408 40 8 0 38 5 2
324 60 5 10 15 2 1
348 60 0 2 27 4 1
372 60 2 8 3 8 0
396 60 0 11 24 5 1
420 60 6 13 35 9 0
360 80 5 8 26 6 0
384 80 7 5 37 9 1
360 40 8 2 14 2 1
384 40 6 9 29 7 0
408 40 2 9 14 1 1
324 60 1 10 9 5 0
348 60 8 8 39 1 1
372 60 4 1 23 1 1
396 60 3 5 12 5 1
420 60 1 15 2 6 2
360 80 3 6 22 1 0
384 80 8 0 5 3 1
360 40 2 10 7 5 2
384 40 2 7 31 6 2
408 40 7 0 1 2 0
324 60 5 9 33 2 2
348 60 7 3 20 10 2
372 60 5 10 20 4 1
396 60 3 8 3 9 1
420 60 7 4 17 3 1
360 80 0 3 27 8 0
384 80 2 0 17 6 0
360 40 6 1 12 10 1
384 40 1 7 8 7 1
408 40 5 4 37 9 2
324 60 5 0 23 6 0
348 60 1 8 1 7 2
372 60 5 3 24 10 1
396 60 6 11 29 7 0
420 60 1 8 25 4 2
360 80 2 14 18 8 1
384 80 8 0 5 10 2
360 40 2 15 19 1 2
384 40 5 15 18 10 2
408 40 1 9 23 1 0
324 60 7 11 35 9 1
348 60 2 11 34 0 1
372 60 5 9 7 1 1
396 60 1 12 38 6 1
420 60 2 13 34 7 2
360 80 5 15 33 2 0
384 80 8 10 32 0 2
360 40 5 4 36 9 0
384 40 5 15 10 6 1
408 40 0 14 25 10 1
324 60 3 14 23 4 1
348 60 2 4 7 1 2
372 60 7 12 7 6 2
396 60 5 4 39 6 1
420 60 7 7 21 2 2
360 80 1 4 33 5 2
384 80 5 7 8 7 0
360 40 6 6 16 2 1
384 40 1 7 15 9 1
408 40 0 6 31 4 2
324 60 0 14 6 2 1
348 60 2 15 15 8 0
372 60 4 0 2 4 2
396 60 4 9 7 4 0
420 60 5 14 7 5 1
360 80 6 8 34 4 1
384 80 4 10 16 10 0
360 40 0 2 21 5 2
384 40 8 8 19 7 1
408 40 0 8 23 10 1
324 60 4 4 15 9 0
348 60 1 7 25 2 2
372 60 3 3 23 7 1
396 60 6 13 14 10 1
420 60 5 15 31 1 2
360 80 1 15 8 8 0
384 80 2 4 10 4 0
360 40 0 10 1 8 2
384 40 5 6 39 2 1
408 40 8 7 27 0 0
324 60 6 11 38 8 2
348 60 8 1 28 1 0
372 60 0 1 2 10 2
396 60 4 6 28 1 2
420 60 5 0 21 8 2
360 80 4 3 1 4 2
384 80 1 11 23 1 2
360 40 2 3 10 8 1
384 40 0 12 12 1 2
408 40 3 6 35 3 1
324 60 8 2 18 7 0
348 60 8 5 29 7 0
372 60 0 12 39 4 0
396 60 8 7 34 9 2
420 60 0 15 29 6 1
360 80 8 12 4 1 0
384 80 6 2 26 6 2
360 40 3 0 37 9 0
384 40 7 5 28 3 0
408 40 5 14 18 5 0
324 60 5 13 16 5 1
348 60 3 11 8 5 0
372 60 4 15 25 3 1
396 60 6 5 5 7 0
420 60 4 12 2 8 1
360 80 3 9 18 1 2
384 80 7 4 36 8 2
360 40 8 8 32 6 0
384 40 0 14 13 4 1
408 40 4 12 7 8 1
324 60 1 13 29 8 2
348 60 0 7 16 5 2
372 60 4 14 31 3 0
396 60 6 12 16 7 1
420 60 6 10 11 1 2
360 80 3 11 2 2 1
384 80 3 12 3 2 2
360 40 4 8 37 3 1
384 40 1 1 31 4 1
408 40 3 14 18 5 0
324 60 7 14 22 2 1
348 60 7 11 17 9 1
372 60 2 8 5 8 1
396 60 4 6 32 4 1
420 60 1 8 31 10 0
360 80 8 2 20 6 0
384 80 7 4 37 10 1
360 40 3 8 7 0 1
384 40 2 9 35 5 0
408 40 3 11 31 2 1
324 60 0 2 30 7 1
348 60 0 11 0 9 0
372 60 0 7 7 5 0
396 60 7 1 24 9 1
420 60 5 5 30 9 1
360 80 1 11 4 6 1
384 80 1 13 16 10 2
360 40 6 5 21 9 1
384 40 7 1 28 10 1
408 40 7 0 24 2 2
324 60 2 3 33 10 2
348 60 1 15 7 3 2
372 60 2 6 7 7 0
396 60 0 13 8 0 1
420 60 5 14 37 2 0
360 80 0 5 31 8 0
384 80 8 0 0 10 2
360 40 5 14 3 2 2
384 40 7 9 17 4 2
408 40 4 12 14 9 1
324 60 1 14 27 4 1
348 60 7 12 2 4 1
372 60 4 4 37 2 0
396 60 0 13 15 7 2
420 60 1 1 30 3 2
360 80 1 3 8 7 0
384 80 3 11 28 7 2
360 40 8 10 6 3 0
384 40 6 7 20 8 0
408 40 6 6 28 10 1
324 60 5 9 12 10 0
348 60 5 1 34 5 0
372 60 3 8 36 3 0
396 60 1 1 16 10 1
420 60 2 14 11 1 0
360 80 7 0 22 3 1
384 80 3 0 11 10 1
360 40 0 0 15 4 1
384 40 3 13 29 8 0
408 40 6 11 28 9 2
324 60 6 13 20 4 2
348 60 3 14 10 9 2
372 60 4 11 22 0 1
396 60 5 10 40 8 0
420 60 4 10 4 4 0
360 80 5 1 11 8 1
384 80 4 4 28 9 0
360 40 2 6 19 7 2
384 40 2 12 35 4 2
408 40 0 4 9 4 1
324 60 2 15 9 2 2
348 60 0 5 38 8 2
372 60 8 12 40 10 1
396 60 2 6 12 4 1
420 60 3 5 33 9 0
360 80 2 4 26 3 2
384 80 8 6 39 7 2
360 40 1 1 29 4 0
384 40 1 13 16 0 0
408 40 3 6 30 10 2
324 60 8 1 35 4 2
348 60 4 13 16 10 2
372 60 1 11 32 10 0
396 60 6 11 21 5 2
420 60 1 15 29 9 0
360 80 1 7 33 1 2
384 80 7 9 37 5 2
360 40 4 2 9 6 0
384 40 2 7 5 8 2
408 40 4 12 11 5 0
324 60 3 5 1 10 0
348 60 0 1 21 1 2
372 60 8 0 20 3 1
396 60 6 11 34 0 0
420 60 4 13 9 10 2
360 80 5 4 10 0 1
384 80 0 0 39 3 2
360 40 2 10 13 7 2
384 40 0 8 27 0 1
408 40 5 6 37 3 2
324 60 8 5 16 1 1
348 60 1 8 35 6 0
372 60 2 6 28 2 1
396 60 1 13 38 1 0
420 60 5 2 23 10 0
360 80 3 3 18 6 2
384 80 1 10 25 2 2
360 40 5 9 2 4 0
384 40 6 14 27 0 1
408 40 4 11 39 1 2
324 60 3 6 30 6 1
348 60 1 13 34 5 1
372 60 5 9 9 4 2
396 60 3 7 5 1 1
420 60 0 7 12 2 1
360 80 7 15 8 0 2
384 80 1 15 25 1 2
360 40 6 6 4 7 0
384 40 3 1 20 0 0
408 40 6 13 0 5 0
324 60 4 2 37 7 2
348 60 8 9 31 6 0
372 60 2 13 19 0 0
396 60 0 1 17 2 1
420 60 2 2 33 0 2
360 80 5 15 4 0 2
384 80 6 2 12 7 2
360 40 1 7 20 10 1
384 40 8 0 32 2 0
408 40 7 1 36 1 1
324 60 5 2 36 4 0
348 60 3 13 31 8 2
372 60 3 3 5 6 0
396 60 4 0 23 3 0
420 60 3 6 10 3 2
360 80 6 10 12 2 1
384 80 5 9 19 5 0
