360 40 6 1 34 9 0
384 40 8 11 31 8 2
408 40 8 10 2 1 1
324 60 6 7 24 3 0
348 60 7 3 6 10 1
372 60 2 15 40 10 2
396 60 1 6 28 1 0
420 60 6 7 14 10 0
360 80 8 12 36 3 2
384 80 8 6 40 10 2
360 40 6 1 34 9 0
384 40 8 11 31 8 2
408 40 8 10 2 1 1
324 60 6 7 24 3 0
348 60 7 3 6 10 1
372 60 2 15 40 10 2
396 60 1 6 28 1 0
420 60 6 7 14 10 0
360 80 8 12 36 3 2
384 80 8 6 40 10 2
360 40 2 6 4 4 1
384 40 2 14 11 1 1
408 40 2 15 19 8 2
324 60 1 6 9 0 2
348 60 2 7 18 10 0
372 60 2 4 16 4 2
396 60 2 14 27 9 1
420 60 2 6 34 2 2
360 80 2 3 1 2 0
384 80 1 6 6 9 0
360 40 2 11 5 3 0
384 40 5 5 28 9 2
408 40 8 9 39 3 2
324 60 1 14 28 2 1
348 60 0 3 24 8 1
372 60 7 12 30 2 2
396 60 4 10 5 4 2
420 60 7 4 8 1 1
360 80 4 14 12 8 1
384 80 5 14 6 7 1
360 40 1 7 24 1 1
384 40 2 10 29 7 2
408 40 2 6 33 5 0
324 60 2 5 29 0 1
348 60 1 0 17 1 2
372 60 1 7 15 1 1
396 60 4 11 19 3 0
420 60 1 15 22 8 0
360 80 1 10 28 8 1
384 80 8 3 39 2 1
360 40 4 9 14 10 1
384 40 4 9 9 2 0
408 40 5 0 4 9 1
324 60 7 2 30 9 1
348 60 6 12 17 2 1
372 60 4 12 3 8 0
396 60 4 14 39 3 2
420 60 5 3 40 4 2
360 80 8 12 8 2 1
384 80 8 6 13 0 2
360 40 6 1 34 9 0
384 40 8 11 31 8 2
408 40 8 10 2 1 1
324 60 6 7 24 3 0
348 60 7 3 6 10 1
372 60 2 15 40 10 2
396 60 1 6 28 1 0
420 60 6 7 14 10 0
360 80 8 12 36 3 2
384 80 8 6 40 10 2
360 40 6 1 34 9 0
384 40 8 11 31 8 2
408 40 8 10 2 1 1
324 60 6 7 24 3 0
348 60 7 3 6 10 1
372 60 2 15 40 10 2
396 60 1 6 28 1 0
420 60 6 7 14 10 0
360 80 8 12 36 3 2
384 80 8 6 40 10 2
360 40 6 1 34 9 0
384 40 8 11 31 8 2
408 40 8 10 2 1 1
324 60 6 7 24 3 0
348 60 7 3 6 10 1
372 60 2 15 40 10 2
396 60 1 6 28 1 0
420 60 6 7 14 10 0
360 80 8 12 36 3 2
384 80 8 6 40 10 2
360 40 8 0 14 10 0
384 40 7 15 36 5 1
408 40 2 7 0 7 0
324 60 7 14 20 6 0
348 60 5 8 12 2 1
372 60 7 14 26 7 1
396 60 8 6 33 6 0
420 60 7 4 0 4 1
360 80 1 0 18 2 0
384 80 2 15 15 2 0
360 40 6 1 29 9 0
384 40 8 11 28 8 1
408 40 8 10 2 1 1
324 60 6 7 24 3 0
348 60 7 3 6 10 1
372 60 2 15 36 10 1
396 60 3 6 28 1 0
420 60 6 7 14 10 0
360 80 8 12 36 3 2
384 80 8 6 40 10 2
360 40 8 0 14 10 0
384 40 7 15 36 5 1
408 40 2 7 0 7 0
324 60 7 14 20 6 0
348 60 5 8 12 2 1
372 60 7 14 26 7 1
396 60 8 6 33 6 0
420 60 7 4 0 4 1
360 80 1 0 18 2 0
384 80 2 15 15 2 0
360 40 1 10 7 5 2
384 40 1 7 31 6 2
408 40 1 0 1 2 0
324 60 2 9 33 2 2
348 60 2 3 20 10 2
372 60 5 10 20 4 1
396 60 4 8 3 9 1
420 60 4 4 17 3 1
360 80 0 3 27 8 0
384 80 2 0 17 6 0
360 40 1 0 14 10 0
384 40 2 15 36 5 1
408 40 2 7 0 7 0
324 60 7 14 20 6 0
348 60 5 8 12 2 1
372 60 7 14 26 7 1
396 60 8 6 33 6 0
420 60 7 4 0 4 1
360 80 1 0 18 2 0
384 80 2 15 15 2 0
360 40 4 15 19 1 2
384 40 5 15 18 10 2
408 40 5 9 23 1 0
324 60 7 11 35 9 1
348 60 5 11 34 0 1
372 60 5 9 7 1 1
396 60 6 12 38 6 1
420 60 5 13 34 7 2
360 80 5 15 33 2 0
384 80 8 10 32 0 2
360 40 5 4 36 9 0
384 40 5 15 10 6 1
408 40 5 14 25 10 1
324 60 3 14 23 4 1
348 60 4 4 7 1 1
372 60 7 12 7 6 1
396 60 5 4 27 6 1
420 60 7 7 21 2 2
360 80 4 4 28 5 2
384 80 5 7 8 7 0
360 40 5 4 36 9 0
384 40 5 15 10 6 1
408 40 5 14 25 10 1
324 60 3 14 23 4 1
348 60 4 4 7 1 1
372 60 7 12 7 6 1
396 60 5 4 27 6 1
420 60 7 7 21 2 2
360 80 4 4 28 5 2
384 80 5 7 8 7 0
360 40 8 0 14 10 0
384 40 1 15 36 5 1
408 40 2 7 0 7 0
324 60 1 14 20 6 0
348 60 1 8 12 2 1
372 60 7 14 26 7 1
396 60 8 6 33 6 0
420 60 7 4 0 4 1
360 80 1 0 18 2 0
384 80 2 15 15 2 0
360 40 5 4 36 9 0
384 40 5 15 10 6 1
408 40 5 14 25 10 1
324 60 3 14 23 4 1
348 60 4 4 7 1 1
372 60 7 12 7 6 1
396 60 5 4 27 6 1
420 60 7 7 21 2 2
360 80 4 4 28 5 2
384 80 5 7 8 7 0
360 40 5 4 36 9 0
384 40 5 15 10 6 1
408 40 5 14 25 10 1
324 60 3 14 23 4 1
348 60 4 4 7 1 1
372 60 7 12 7 6 1
396 60 5 4 27 6 1
420 60 7 7 21 2 2
360 80 4 4 28 5 2
384 80 5 7 8 7 0
360 40 5 4 36 9 0
384 40 5 15 10 6 1
408 40 5 14 25 10 1
324 60 3 14 23 4 1
348 60 4 4 7 1 1
372 60 7 12 7 6 1
396 60 5 4 27 6 1
420 60 7 7 21 2 2
360 80 4 4 28 5 2
384 80 5 7 8 7 0
360 40 5 4 36 9 0
384 40 5 15 10 6 1
408 40 5 14 25 10 1
324 60 3 14 23 4 1
348 60 4 4 7 1 1
372 60 7 12 7 6 1
396 60 5 4 27 6 1
420 60 7 7 21 2 2
360 80 4 4 28 5 2
384 80 5 7 8 7 0
360 40 5 4 36 9 0
384 40 5 15 10 6 1
408 40 5 14 25 10 1
324 60 3 14 23 4 1
348 60 4 4 7 1 1
372 60 7 12 7 6 1
396 60 5 4 27 6 1
420 60 7 7 21 2 2
360 80 4 4 28 5 2
384 80 5 7 8 7 0
360 40 8 0 14 10 0
384 40 7 15 36 5 1
408 40 2 7 0 7 0
324 60 7 14 20 6 0
348 60 5 8 12 2 1
372 60 7 14 26 7 1
396 60 8 6 33 6 0
420 60 7 4 0 4 1
360 80 1 0 18 2 0
384 80 2 15 15 2 0
360 40 8 0 14 10 0
384 40 7 15 36 5 1
408 40 2 7 0 7 0
324 60 7 14 20 6 0
348 60 5 8 12 2 1
372 60 7 14 26 7 1
396 60 8 6 33 6 0
420 60 7 4 0 4 1
360 80 1 0 18 2 0
384 80 2 15 15 2 0
360 40 8 0 14 10 0
384 40 7 15 36 5 1
408 40 2 7 0 7 0
324 60 7 14 20 6 0
348 60 5 8 12 2 1
372 60 7 14 26 7 1
396 60 8 6 33 6 0
420 60 7 4 0 4 1
360 80 1 0 18 2 0
384 80 2 15 15 2 0
360 40 8 0 14 10 0
384 40 7 15 36 5 1
408 40 2 7 0 7 0
324 60 7 14 20 6 0
348 60 5 8 12 2 1
372 60 7 14 26 7 1
396 60 8 6 33 6 0
420 60 7 4 0 4 1
360 80 1 0 18 2 0
384 80 2 15 15 2 0
360 40 8 0 14 10 0
384 40 7 15 36 5 1
408 40 2 7 0 7 0
324 60 7 14 20 6 0
348 60 5 8 12 2 1
372 60 7 14 26 7 1
396 60 8 6 33 6 0
420 60 7 4 0 4 1
360 80 1 0 18 2 0
384 80 2 15 15 2 0
360 40 8 0 14 10 0
384 40 7 15 36 5 1
408 40 2 7 0 7 0
324 60 7 14 20 6 0
348 60 5 8 12 2 1
372 60 7 14 26 7 1
396 60 8 6 33 6 0
420 60 7 4 0 4 1
360 80 1 0 18 2 0
384 80 2 15 15 2 0
360 40 5 1 29 4 0
384 40 5 13 16 0 0
408 40 3 6 27 10 1
324 60 8 1 28 4 1
348 60 4 13 16 10 1
372 60 5 11 32 10 0
396 60 6 11 21 5 2
420 60 1 15 29 9 0
360 80 1 7 33 1 2
384 80 7 9 37 5 2
360 40 8 0 14 10 0
384 40 7 15 36 5 1
408 40 2 7 0 7 0
324 60 7 14 20 6 0
348 60 5 8 12 2 1
372 60 7 14 26 7 1
396 60 8 6 33 6 0
420 60 7 4 0 4 1
360 80 1 0 18 2 0
384 80 2 15 15 2 0
360 40 8 0 14 10 0
384 40 7 15 36 5 1
408 40 2 7 0 7 0
324 60 7 14 20 6 0
348 60 5 8 12 2 1
372 60 7 14 26 7 1
396 60 8 6 33 6 0
420 60 7 4 0 4 1
360 80 1 0 18 2 0
384 80 2 15 15 2 0
360 40 5 9 2 4 0
384 40 6 14 27 0 1
408 40 4 11 39 1 2
324 60 3 6 30 6 1
348 60 1 13 34 5 1
372 60 5 9 9 4 2
396 60 3 7 5 1 1
420 60 0 7 12 2 1
360 80 7 15 8 0 2
384 80 1 15 25 1 2
360 40 1 7 20 10 1
384 40 8 0 32 2 0
408 40 7 1 36 1 1
324 60 5 2 36 4 0
348 60 3 13 31 8 2
372 60 3 3 5 6 0
396 60 4 0 23 3 0
420 60 3 6 10 3 2
360 80 6 10 12 2 1
384 80 5 9 19 5 0
360 40 1 7 20 10 1
384 40 8 0 32 2 0
408 40 7 1 36 1 1
324 60 5 2 36 4 0
348 60 3 13 31 8 2
372 60 3 3 5 6 0
396 60 4 0 23 3 0
420 60 3 6 10 3 2
360 80 6 10 12 2 1
384 80 5 9 19 5 0
