480 360 4 6 4 7 2
468 380 3 11 19 5 0
456 400 4 11 18 5 2
468 420 1 11 22 10 0
480 360 4 6 4 7 2
468 380 3 11 19 5 0
456 400 4 11 18 5 2
468 420 1 11 22 10 0
480 360 4 6 4 7 2
468 380 3 11 19 5 0
456 400 4 11 18 5 2
468 420 1 11 22 10 0
480 360 4 6 4 7 2
468 380 3 11 19 5 0
456 400 4 11 18 5 2
468 420 1 11 22 10 0
480 360 6 10 32 0 1
468 380 5 10 8 0 2
456 400 1 9 15 4 1
468 420 8 0 31 4 2
480 360 4 7 11 7 1
468 380 2 1 22 8 2
456 400 1 14 0 7 1
468 420 4 15 5 8 2
480 360 4 7 11 7 1
468 380 2 1 22 8 2
456 400 1 14 0 7 1
468 420 4 15 5 8 2
480 360 6 12 32 6 1
468 380 0 11 37 2 0
456 400 3 7 13 2 2
468 420 3 6 20 10 2
480 360 5 10 27 6 0
468 380 6 9 34 9 1
456 400 6 10 24 9 1
468 420 2 11 25 0 1
480 360 5 10 27 6 0
468 380 6 9 34 9 1
456 400 6 10 24 9 1
468 420 2 11 25 0 1
480 360 5 10 27 6 0
468 380 6 9 34 9 1
456 400 6 10 24 9 1
468 420 2 11 25 0 1
480 360 5 10 27 6 0
468 380 6 9 34 9 1
456 400 6 10 24 9 1
468 420 2 11 25 0 1
480 360 5 10 27 6 0
468 380 6 9 34 9 1
456 400 6 10 24 9 1
468 420 2 11 25 0 1
480 360 5 10 27 6 0
468 380 6 9 34 9 1
456 400 6 10 24 9 1
468 420 2 11 25 0 1
480 360 8 1 22 6 1
468 380 3 13 23 0 1
456 400 2 12 32 3 2
468 420 8 10 3 10 0
480 360 8 11 13 10 0
468 380 1 5 39 8 1
456 400 6 13 2 4 1
468 420 8 9 18 0 1
480 360 5 10 27 6 0
468 380 6 9 34 9 1
456 400 6 10 24 9 1
468 420 2 11 25 0 1
480 360 5 10 27 6 0
468 380 6 9 34 9 1
456 400 6 10 24 9 1
468 420 2 11 25 0 1
480 360 6 3 19 5 0
468 380 4 5 38 3 1
456 400 0 7 32 5 0
468 420 7 12 4 10 1
480 360 2 5 31 5 2
468 380 7 7 6 6 0
456 400 2 15 28 6 1
468 420 0 9 4 6 2
480 360 8 12 0 1 2
468 380 1 8 6 9 1
456 400 7 8 36 6 2
468 420 6 0 8 4 1
480 360 5 9 36 2 2
468 380 5 6 8 9 2
456 400 2 13 38 6 0
468 420 8 1 27 6 1
480 360 5 9 36 2 2
468 380 5 6 8 9 2
456 400 2 13 38 6 0
468 420 8 1 27 6 1
480 360 5 9 36 2 2
468 380 5 6 8 9 2
456 400 2 13 38 6 0
468 420 8 1 27 6 1
480 360 5 9 36 2 2
468 380 5 6 8 9 2
456 400 2 13 38 6 0
468 420 8 1 27 6 1
480 360 1 8 6 4 1
468 380 4 13 14 7 1
456 400 8 1 20 5 1
468 420 4 8 4 2 1
480 360 8 12 0 1 2
468 380 1 8 6 9 1
456 400 7 8 36 6 2
468 420 6 0 8 4 1
480 360 8 12 0 1 2
468 380 1 8 6 9 1
456 400 7 8 36 6 2
468 420 6 0 8 4 1
480 360 8 12 0 1 2
468 380 1 8 6 9 1
456 400 7 8 36 6 2
468 420 6 0 8 4 1
480 360 8 12 0 1 2
468 380 1 8 6 9 1
456 400 7 8 36 6 2
468 420 6 0 8 4 1
480 360 5 8 29 8 2
468 380 0 15 4 0 1
456 400 0 9 26 4 0
468 420 4 2 2 4 0
480 360 5 10 27 6 0
468 380 6 9 34 9 1
456 400 6 10 24 9 1
468 420 2 11 25 0 1
480 360 8 12 0 1 2
468 380 1 8 6 9 1
456 400 7 8 36 6 2
468 420 6 0 8 4 1
480 360 6 8 0 3 2
468 380 7 1 4 4 1
456 400 2 15 1 0 2
468 420 6 14 20 10 2
480 360 6 8 0 3 2
468 380 7 1 4 4 1
456 400 2 15 1 0 2
468 420 6 14 20 10 2
